0.000000	1.000000	0.000000	0.000000	
0.010000	0.999975	0.005000	0.000012	
0.020000	0.999900	0.009999	0.000050	
0.030000	0.999775	0.014998	0.000112	
0.040000	0.999600	0.019996	0.000200	
0.050000	0.999375	0.024992	0.000312	
0.060000	0.999100	0.029987	0.000450	
0.070000	0.998775	0.034979	0.000612	
0.080000	0.998401	0.039968	0.000800	
0.090000	0.997976	0.044954	0.001012	
0.100000	0.997502	0.049938	0.001249	
0.110000	0.996977	0.054917	0.001511	
0.120000	0.996403	0.059892	0.001798	
0.130000	0.995779	0.064863	0.002110	
0.140000	0.995106	0.069829	0.002446	
0.150000	0.994383	0.074789	0.002807	
0.160000	0.993610	0.079744	0.003193	
0.170000	0.992788	0.084693	0.003604	
0.180000	0.991916	0.089636	0.004039	
0.190000	0.990995	0.094572	0.004499	
0.200000	0.990025	0.099501	0.004983	
0.210000	0.989005	0.104422	0.005492	
0.220000	0.987937	0.109336	0.006026	
0.230000	0.986819	0.114241	0.006583	
0.240000	0.985652	0.119138	0.007166	
0.250000	0.984436	0.124026	0.007772	
0.260000	0.983171	0.128905	0.008403	
0.270000	0.981858	0.133774	0.009057	
0.280000	0.980496	0.138633	0.009736	
0.290000	0.979085	0.143481	0.010439	
0.300000	0.977626	0.148319	0.011166	
0.310000	0.976119	0.153146	0.011917	
0.320000	0.974563	0.157961	0.012691	
0.330000	0.972960	0.162764	0.013489	
0.340000	0.971308	0.167555	0.014311	
0.350000	0.969609	0.172334	0.015157	
0.360000	0.967861	0.177100	0.016026	
0.370000	0.966067	0.181852	0.016918	
0.380000	0.964225	0.186591	0.017834	
0.390000	0.962335	0.191316	0.018773	
0.400000	0.960398	0.196027	0.019735	
0.410000	0.958414	0.200722	0.020720	
0.420000	0.956384	0.205403	0.021728	
0.430000	0.954306	0.210069	0.022758	
0.440000	0.952182	0.214719	0.023812	
0.450000	0.950012	0.219352	0.024888	
0.460000	0.947796	0.223970	0.025987	
0.470000	0.945533	0.228570	0.027108	
0.480000	0.943224	0.233154	0.028251	
0.490000	0.940870	0.237720	0.029416	
0.500000	0.938470	0.242268	0.030604	
0.510000	0.936024	0.246799	0.031813	
0.520000	0.933534	0.251310	0.033045	
0.530000	0.930998	0.255803	0.034298	
0.540000	0.928418	0.260277	0.035572	
0.550000	0.925793	0.264732	0.036868	
0.560000	0.923123	0.269166	0.038186	
0.570000	0.920410	0.273581	0.039524	
0.580000	0.917652	0.277975	0.040883	
0.590000	0.914850	0.282349	0.042264	
0.600000	0.912005	0.286701	0.043665	
0.610000	0.909116	0.291032	0.045087	
0.620000	0.906184	0.295341	0.046529	
0.630000	0.903209	0.299628	0.047992	
0.640000	0.900192	0.303893	0.049475	
0.650000	0.897132	0.308135	0.050977	
0.660000	0.894029	0.312355	0.052500	
0.670000	0.890884	0.316550	0.054043	
0.680000	0.887698	0.320723	0.055605	
0.690000	0.884470	0.324871	0.057186	
0.700000	0.881201	0.328996	0.058787	
0.710000	0.877890	0.333095	0.060407	
0.720000	0.874539	0.337170	0.062046	
0.730000	0.871147	0.341220	0.063703	
0.740000	0.867714	0.345245	0.065379	
0.750000	0.864242	0.349243	0.067074	
0.760000	0.860729	0.353216	0.068787	
0.770000	0.857178	0.357163	0.070518	
0.780000	0.853587	0.361083	0.072267	
0.790000	0.849957	0.364976	0.074033	
0.800000	0.846287	0.368842	0.075818	
0.810000	0.842580	0.372680	0.077619	
0.820000	0.838834	0.376491	0.079438	
0.830000	0.835050	0.380274	0.081274	
0.839999	0.831229	0.384029	0.083127	
0.849999	0.827370	0.387755	0.084996	
0.859999	0.823474	0.391452	0.086882	
0.869999	0.819541	0.395121	0.088784	
0.879999	0.815571	0.398760	0.090702	
0.889999	0.811566	0.402369	0.092636	
0.899999	0.807524	0.405949	0.094586	
0.909999	0.803447	0.409499	0.096551	
0.919999	0.799334	0.413018	0.098532	
0.929999	0.795187	0.416507	0.100528	
0.939999	0.791004	0.419964	0.102538	
0.949999	0.786787	0.423391	0.104564	
0.959999	0.782536	0.426786	0.106603	
0.969999	0.778252	0.430151	0.108657	
0.979999	0.773934	0.433483	0.110726	
0.989999	0.769582	0.436783	0.112808	
0.999999	0.765198	0.440050	0.114903	
1.009999	0.760781	0.443286	0.117012	
1.019999	0.756332	0.446488	0.119135	
1.029999	0.751852	0.449657	0.121270	
1.039999	0.747339	0.452794	0.123418	
1.049999	0.742796	0.455897	0.125579	
1.059999	0.738222	0.458966	0.127752	
1.069999	0.733617	0.462001	0.129937	
1.079999	0.728982	0.465003	0.132135	
1.089999	0.724317	0.467970	0.134344	
1.099999	0.719622	0.470902	0.136564	
1.109999	0.714899	0.473800	0.138795	
1.119999	0.710147	0.476663	0.141038	
1.129999	0.705366	0.479491	0.143292	
1.139999	0.700557	0.482284	0.145556	
1.149999	0.695720	0.485041	0.147830	
1.159999	0.690856	0.487763	0.150115	
1.169999	0.685965	0.490448	0.152409	
1.179999	0.681048	0.493098	0.154713	
1.189999	0.676104	0.495712	0.157026	
1.199999	0.671134	0.498289	0.159349	
1.209999	0.666138	0.500829	0.161680	
1.219999	0.661117	0.503333	0.164021	
1.229999	0.656072	0.505800	0.166369	
1.239999	0.651001	0.508230	0.168726	
1.249999	0.645907	0.510623	0.171091	
1.259999	0.640789	0.512978	0.173464	
1.269999	0.635648	0.515296	0.175844	
1.279999	0.630484	0.517576	0.178231	
1.289999	0.625297	0.519819	0.180625	
1.299999	0.620087	0.522023	0.183026	
1.309999	0.614856	0.524189	0.185434	
1.319999	0.609603	0.526317	0.187848	
1.329999	0.604329	0.528407	0.190268	
1.339999	0.599035	0.530458	0.192694	
1.349999	0.593720	0.532470	0.195125	
1.359999	0.588386	0.534444	0.197562	
1.369999	0.583031	0.536379	0.200003	
1.379999	0.577658	0.538274	0.202450	
1.389999	0.572266	0.540131	0.204900	
1.399999	0.566856	0.541948	0.207356	
1.409999	0.561427	0.543726	0.209815	
1.419999	0.555981	0.545464	0.212278	
1.429999	0.550518	0.547163	0.214744	
1.439999	0.545038	0.548822	0.217214	
1.449999	0.539542	0.550441	0.219687	
1.459999	0.534029	0.552020	0.222163	
1.469999	0.528502	0.553560	0.224641	
1.479999	0.522958	0.555059	0.227121	
1.489999	0.517401	0.556518	0.229603	
1.499999	0.511828	0.557937	0.232087	
1.509999	0.506242	0.559315	0.234573	
1.519999	0.500642	0.560654	0.237060	
1.529999	0.495029	0.561951	0.239548	
1.539999	0.489403	0.563208	0.242036	
1.549999	0.483765	0.564425	0.244525	
1.559999	0.478115	0.565601	0.247014	
1.569999	0.472453	0.566736	0.249503	
1.579999	0.466780	0.567831	0.251992	
1.589999	0.461097	0.568884	0.254480	
1.599999	0.455403	0.569897	0.256968	
1.609999	0.449699	0.570869	0.259454	
1.619999	0.443986	0.571799	0.261939	
1.629999	0.438263	0.572689	0.264422	
1.639999	0.432532	0.573537	0.266904	
1.649999	0.426792	0.574344	0.269383	
1.659999	0.421045	0.575111	0.271860	
1.669999	0.415290	0.575836	0.274334	
1.679999	0.409528	0.576520	0.276806	
1.689999	0.403760	0.577163	0.279274	
1.699999	0.397985	0.577765	0.281739	
1.709999	0.392205	0.578326	0.284200	
1.719999	0.386419	0.578845	0.286657	
1.729999	0.380628	0.579323	0.289110	
1.739999	0.374833	0.579760	0.291559	
1.749999	0.369033	0.580156	0.294003	
1.759999	0.363229	0.580511	0.296442	
1.769999	0.357423	0.580824	0.298876	
1.779999	0.351613	0.581096	0.301304	
1.789999	0.345801	0.581327	0.303727	
1.799999	0.339987	0.581517	0.306144	
1.809999	0.334171	0.581665	0.308554	
1.819999	0.328353	0.581773	0.310958	
1.829999	0.322535	0.581840	0.313355	
1.839999	0.316717	0.581865	0.315746	
1.849999	0.310899	0.581849	0.318129	
1.859999	0.305081	0.581793	0.320504	
1.869999	0.299263	0.581695	0.322872	
1.879999	0.293447	0.581556	0.325232	
1.889999	0.287632	0.581377	0.327582	
1.899999	0.281819	0.581157	0.329925	
1.909999	0.276009	0.580896	0.332260	
1.919999	0.270202	0.580594	0.334585	
1.929999	0.264397	0.580252	0.336901	
1.939999	0.258597	0.579870	0.339207	
1.949998	0.252800	0.579446	0.341504	
1.959998	0.247008	0.578982	0.343791	
1.969998	0.241221	0.578478	0.346068	
1.979998	0.235439	0.577934	0.348334	
1.989998	0.229662	0.577349	0.350589	
1.999998	0.223892	0.576725	0.352834	
2.009999	0.218128	0.576060	0.355067	
2.019999	0.212371	0.575355	0.357289	
2.029999	0.206621	0.574611	0.359499	
2.039999	0.200879	0.573826	0.361697	
2.049999	0.195144	0.573003	0.363883	
2.059999	0.189419	0.572139	0.366057	
2.069999	0.183702	0.571236	0.368218	
2.079998	0.177994	0.570294	0.370366	
2.089998	0.172296	0.569312	0.372501	
2.099998	0.166608	0.568292	0.374623	
2.109998	0.160930	0.567232	0.376732	
2.119998	0.155263	0.566134	0.378826	
2.129998	0.149608	0.564997	0.380906	
2.139998	0.143964	0.563821	0.382973	
2.149998	0.138331	0.562606	0.385024	
2.159998	0.132712	0.561354	0.387061	
2.169998	0.127104	0.560063	0.389084	
2.179998	0.121510	0.558734	0.391091	
2.189998	0.115930	0.557367	0.393082	
2.199998	0.110363	0.555962	0.395058	
2.209998	0.104811	0.554520	0.397018	
2.219998	0.099273	0.553040	0.398963	
2.229998	0.093750	0.551523	0.400891	
2.239998	0.088243	0.549969	0.402802	
2.249998	0.082751	0.548377	0.404697	
2.259998	0.077275	0.546749	0.406575	
2.269998	0.071816	0.545084	0.408436	
2.279998	0.066373	0.543383	0.410280	
2.289998	0.060948	0.541645	0.412106	
2.299998	0.055541	0.539871	0.413914	
2.309998	0.050151	0.538063	0.415704	
2.319998	0.044780	0.536217	0.417477	
2.329998	0.039427	0.534336	0.419231	
2.339998	0.034093	0.532420	0.420966	
2.349998	0.028778	0.530467	0.422683	
2.359998	0.023484	0.528480	0.424381	
2.369998	0.018209	0.526459	0.426060	
2.379998	0.012955	0.524402	0.427719	
2.389998	0.007721	0.522311	0.429359	
2.399998	0.002509	0.520186	0.430979	
2.409998	-0.002682	0.518026	0.432580	
2.419998	-0.007852	0.515833	0.434160	
2.429998	-0.012999	0.513606	0.435720	
2.439998	-0.018124	0.511346	0.437260	
2.449998	-0.023226	0.509053	0.438779	
2.459998	-0.028305	0.506726	0.440277	
2.469998	-0.033360	0.504367	0.441754	
2.479998	-0.038392	0.501975	0.443210	
2.489998	-0.043400	0.499551	0.444645	
2.499998	-0.048383	0.497095	0.446058	
2.509998	-0.053341	0.494607	0.447450	
2.519998	-0.058275	0.492087	0.448819	
2.529998	-0.063183	0.489536	0.450167	
2.539998	-0.068065	0.486953	0.451493	
2.549998	-0.072922	0.484340	0.452796	
2.559998	-0.077752	0.481696	0.454077	
2.569998	-0.082556	0.479022	0.455335	
2.579998	-0.087332	0.476318	0.456570	
2.589998	-0.092082	0.473583	0.457782	
2.599998	-0.096804	0.470819	0.458971	
2.609998	-0.101498	0.468026	0.460137	
2.619998	-0.106164	0.465203	0.461280	
2.629998	-0.110802	0.462351	0.462399	
2.639998	-0.115411	0.459471	0.463494	
2.649998	-0.119992	0.456562	0.464567	
2.659998	-0.124543	0.453626	0.465614	
2.669998	-0.129064	0.450661	0.466638	
2.679998	-0.133556	0.447669	0.467637	
2.689998	-0.138017	0.444649	0.468611	
2.699998	-0.142448	0.441602	0.469561	
2.709998	-0.146849	0.438529	0.470487	
2.719998	-0.151219	0.435429	0.471387	
2.729998	-0.155558	0.432303	0.472263	
2.739998	-0.159865	0.429151	0.473114	
2.749998	-0.164141	0.425974	0.473939	
2.759998	-0.168384	0.422771	0.474740	
2.769998	-0.172596	0.419542	0.475514	
2.779998	-0.176775	0.416290	0.476264	
2.789998	-0.180922	0.413012	0.476987	
2.799998	-0.185035	0.409711	0.477685	
2.809998	-0.189116	0.406385	0.478358	
2.819998	-0.193163	0.403036	0.479004	
2.829998	-0.197176	0.399664	0.479624	
2.839998	-0.201156	0.396268	0.480218	
2.849998	-0.205102	0.392850	0.480786	
2.859998	-0.209013	0.389410	0.481327	
2.869998	-0.212890	0.385947	0.481842	
2.879998	-0.216732	0.382463	0.482330	
2.889998	-0.220539	0.378957	0.482792	
2.899998	-0.224311	0.375430	0.483227	
2.909998	-0.228047	0.371882	0.483635	
2.919998	-0.231748	0.368312	0.484017	
2.929998	-0.235414	0.364723	0.484371	
2.939998	-0.239043	0.361114	0.484699	
2.949998	-0.242636	0.357485	0.484999	
2.959998	-0.246193	0.353838	0.485272	
2.969998	-0.249713	0.350171	0.485518	
2.979998	-0.253196	0.346485	0.485737	
2.989998	-0.256642	0.342782	0.485928	
2.999998	-0.260052	0.339060	0.486092	
3.009998	-0.263423	0.335320	0.486228	
3.019998	-0.266758	0.331563	0.486336	
3.029998	-0.270055	0.327789	0.486418	
3.039998	-0.273314	0.323999	0.486471	
3.049998	-0.276535	0.320192	0.486497	
3.059998	-0.279718	0.316369	0.486495	
3.069998	-0.282862	0.312530	0.486465	
3.079998	-0.285968	0.308676	0.486407	
3.089998	-0.289035	0.304806	0.486321	
3.099998	-0.292064	0.300922	0.486208	
3.109998	-0.295054	0.297023	0.486066	
3.119998	-0.298005	0.293111	0.485896	
3.129997	-0.300916	0.289185	0.485699	
3.139997	-0.303788	0.285245	0.485473	
3.149997	-0.306621	0.281292	0.485220	
3.159997	-0.309414	0.277327	0.484938	
3.169997	-0.312168	0.273349	0.484628	
3.179997	-0.314881	0.269359	0.484290	
3.189997	-0.317555	0.265357	0.483923	
3.199997	-0.320189	0.261344	0.483529	
3.209997	-0.322782	0.257320	0.483106	
3.219997	-0.325335	0.253285	0.482655	
3.229997	-0.327848	0.249240	0.482176	
3.239997	-0.330319	0.245185	0.481669	
3.249997	-0.332750	0.241121	0.481134	
3.259997	-0.335141	0.237047	0.480570	
3.269997	-0.337491	0.232963	0.479978	
3.279997	-0.339800	0.228872	0.479358	
3.289997	-0.342068	0.224772	0.478710	
3.299997	-0.344296	0.220664	0.478033	
3.309997	-0.346482	0.216549	0.477329	
3.319997	-0.348627	0.212426	0.476596	
3.329997	-0.350730	0.208297	0.475836	
3.339997	-0.352792	0.204161	0.475047	
3.349997	-0.354813	0.200018	0.474230	
3.359997	-0.356793	0.195870	0.473383	
3.369997	-0.358731	0.191717	0.472510	
3.379997	-0.360627	0.187558	0.471609	
3.389997	-0.362482	0.183394	0.470680	
3.399997	-0.364295	0.179226	0.469723	
3.409997	-0.366066	0.175054	0.468738	
3.419997	-0.367796	0.170878	0.467725	
3.429997	-0.369484	0.166699	0.466685	
3.439997	-0.371130	0.162518	0.465617	
3.449997	-0.372734	0.158333	0.464521	
3.459997	-0.374297	0.154145	0.463398	
3.469997	-0.375817	0.149956	0.462247	
3.479997	-0.377296	0.145765	0.461069	
3.489997	-0.378732	0.141572	0.459863	
3.499997	-0.380127	0.137379	0.458629	
3.509997	-0.381480	0.133185	0.457369	
3.519997	-0.382791	0.128990	0.456081	
3.529997	-0.384060	0.124796	0.454766	
3.539997	-0.385287	0.120602	0.453424	
3.549997	-0.386472	0.116409	0.452055	
3.559997	-0.387615	0.112217	0.450658	
3.569997	-0.388716	0.108027	0.449235	
3.579997	-0.389775	0.103838	0.447785	
3.589997	-0.390793	0.099651	0.446309	
3.599997	-0.391768	0.095467	0.444806	
3.609997	-0.392702	0.091285	0.443276	
3.619997	-0.393594	0.087107	0.441720	
3.629997	-0.394444	0.082932	0.440137	
3.639997	-0.395253	0.078761	0.438528	
3.649997	-0.396019	0.074595	0.436893	
3.659997	-0.396745	0.070433	0.435232	
3.669997	-0.397428	0.066275	0.433545	
3.679997	-0.398070	0.062123	0.431832	
3.689997	-0.398671	0.057976	0.430094	
3.699997	-0.399230	0.053835	0.428330	
3.709997	-0.399747	0.049701	0.426540	
3.719997	-0.400224	0.045572	0.424725	
3.729997	-0.400659	0.041451	0.422885	
3.739997	-0.401053	0.037337	0.421019	
3.749997	-0.401405	0.033231	0.419128	
3.759997	-0.401717	0.029132	0.417213	
3.769997	-0.401988	0.025041	0.415273	
3.779997	-0.402218	0.020959	0.413308	
3.789997	-0.402407	0.016886	0.411318	
3.799997	-0.402556	0.012822	0.409304	
3.809997	-0.402664	0.008768	0.407266	
3.819997	-0.402731	0.004723	0.405204	
3.829997	-0.402758	0.000689	0.403118	
3.839997	-0.402745	-0.003335	0.401007	
3.849997	-0.402691	-0.007349	0.398874	
3.859997	-0.402598	-0.011351	0.396716	
3.869997	-0.402464	-0.015342	0.394536	
3.879997	-0.402291	-0.019321	0.392332	
3.889997	-0.402078	-0.023288	0.390104	
3.899997	-0.401825	-0.027243	0.387854	
3.909997	-0.401533	-0.031185	0.385581	
3.919997	-0.401201	-0.035114	0.383286	
3.929997	-0.400830	-0.039030	0.380968	
3.939997	-0.400421	-0.042932	0.378628	
3.949997	-0.399972	-0.046820	0.376265	
3.959997	-0.399484	-0.050694	0.373881	
3.969997	-0.398958	-0.054554	0.371475	
3.979997	-0.398393	-0.058398	0.369047	
3.989997	-0.397789	-0.062228	0.366598	
3.999997	-0.397150	-0.066042	0.364127	
4.009997	-0.396471	-0.069841	0.361637	
4.019997	-0.395753	-0.073623	0.359125	
4.029997	-0.394998	-0.077390	0.356592	
4.039998	-0.394205	-0.081139	0.354038	
4.049998	-0.393376	-0.084872	0.351463	
4.059998	-0.392508	-0.088588	0.348869	
4.069998	-0.391604	-0.092286	0.346254	
4.079998	-0.390662	-0.095966	0.343620	
4.089999	-0.389684	-0.099629	0.340966	
4.099999	-0.388670	-0.103273	0.338293	
4.109999	-0.387619	-0.106899	0.335600	
4.119999	-0.386532	-0.110505	0.332889	
4.130000	-0.385409	-0.114093	0.330158	
4.140000	-0.384250	-0.117661	0.327409	
4.150000	-0.383056	-0.121209	0.324642	
4.160000	-0.381826	-0.124738	0.321856	
4.170001	-0.380561	-0.128246	0.319052	
4.180001	-0.379261	-0.131734	0.316230	
4.190001	-0.377926	-0.135201	0.313391	
4.200001	-0.376557	-0.138647	0.310535	
4.210001	-0.375153	-0.142072	0.307661	
4.220002	-0.373716	-0.145476	0.304770	
4.230002	-0.372244	-0.148857	0.301862	
4.240002	-0.370739	-0.152217	0.298938	
4.250002	-0.369200	-0.155554	0.295998	
4.260003	-0.367628	-0.158869	0.293041	
4.270003	-0.366022	-0.162161	0.290069	
4.280003	-0.364384	-0.165430	0.287081	
4.290003	-0.362714	-0.168675	0.284077	
4.300004	-0.361011	-0.171898	0.281059	
4.310004	-0.359276	-0.175096	0.278025	
4.320004	-0.357509	-0.178271	0.274976	
4.330004	-0.355710	-0.181421	0.271913	
4.340004	-0.353881	-0.184547	0.268836	
4.350005	-0.352020	-0.187649	0.265745	
4.360005	-0.350128	-0.190725	0.262639	
4.370005	-0.348205	-0.193776	0.259521	
4.380005	-0.346252	-0.196802	0.256388	
4.390006	-0.344269	-0.199803	0.253243	
4.400006	-0.342256	-0.202777	0.250085	
4.410006	-0.340213	-0.205726	0.246914	
4.420006	-0.338142	-0.208649	0.243731	
4.430007	-0.336041	-0.211545	0.240535	
4.440007	-0.333911	-0.214414	0.237328	
4.450007	-0.331753	-0.217257	0.234109	
4.460007	-0.329566	-0.220073	0.230878	
4.470007	-0.327351	-0.222862	0.227636	
4.480008	-0.325108	-0.225623	0.224384	
4.490008	-0.322838	-0.228357	0.221121	
4.500008	-0.320541	-0.231063	0.217847	
4.510008	-0.318217	-0.233741	0.214563	
4.520009	-0.315867	-0.236391	0.211269	
4.530009	-0.313490	-0.239012	0.207966	
4.540009	-0.311087	-0.241605	0.204653	
4.550009	-0.308658	-0.244170	0.201331	
4.560009	-0.306203	-0.246705	0.197999	
4.570010	-0.303723	-0.249212	0.194658	
4.580010	-0.301219	-0.251689	0.191310	
4.590010	-0.298690	-0.254137	0.187954	
4.600010	-0.296136	-0.256555	0.184590	
4.610011	-0.293559	-0.258944	0.181218	
4.620011	-0.290958	-0.261303	0.177838	
4.630011	-0.288333	-0.263632	0.174452	
4.640011	-0.285684	-0.265931	0.171058	
4.650012	-0.283013	-0.268200	0.167658	
4.660012	-0.280319	-0.270438	0.164252	
4.670012	-0.277604	-0.272646	0.160840	
4.680012	-0.274867	-0.274823	0.157422	
4.690012	-0.272108	-0.276969	0.153998	
4.700013	-0.269327	-0.279084	0.150569	
4.710013	-0.266526	-0.281168	0.147135	
4.720013	-0.263704	-0.283220	0.143696	
4.730013	-0.260861	-0.285242	0.140252	
4.740014	-0.257999	-0.287232	0.136804	
4.750014	-0.255116	-0.289190	0.133353	
4.760014	-0.252215	-0.291117	0.129898	
4.770014	-0.249294	-0.293011	0.126439	
4.780015	-0.246355	-0.294874	0.122977	
4.790015	-0.243397	-0.296704	0.119513	
4.800015	-0.240421	-0.298503	0.116045	
4.810015	-0.237426	-0.300270	0.112575	
4.820015	-0.234416	-0.302003	0.109103	
4.830016	-0.231386	-0.303705	0.105630	
4.840016	-0.228341	-0.305374	0.102154	
4.850016	-0.225279	-0.307009	0.098678	
4.860016	-0.222201	-0.308613	0.095201	
4.870017	-0.219107	-0.310184	0.091722	
4.880017	-0.215997	-0.311722	0.088243	
4.890017	-0.212873	-0.313226	0.084764	
4.900017	-0.209733	-0.314698	0.081285	
4.910017	-0.206578	-0.316137	0.077807	
4.920018	-0.203410	-0.317542	0.074329	
4.930018	-0.200228	-0.318914	0.070852	
4.940018	-0.197031	-0.320253	0.067375	
4.950018	-0.193823	-0.321559	0.063901	
4.960019	-0.190600	-0.322831	0.060428	
4.970019	-0.187366	-0.324069	0.056957	
4.980019	-0.184119	-0.325274	0.053488	
4.990019	-0.180861	-0.326445	0.050022	
5.000020	-0.177590	-0.327582	0.046558	
5.010020	-0.174309	-0.328687	0.043098	
5.020020	-0.171016	-0.329757	0.039640	
5.030020	-0.167714	-0.330793	0.036187	
5.040020	-0.164400	-0.331796	0.032737	
5.050021	-0.161077	-0.332763	0.029291	
5.060021	-0.157745	-0.333698	0.025849	
5.070021	-0.154403	-0.334599	0.022413	
5.080021	-0.151053	-0.335467	0.018981	
5.090022	-0.147694	-0.336300	0.015554	
5.100022	-0.144327	-0.337099	0.012132	
5.110022	-0.140952	-0.337865	0.008717	
5.120022	-0.137570	-0.338596	0.005307	
5.130023	-0.134180	-0.339293	0.001903	
5.140023	-0.130784	-0.339957	-0.001494	
5.150023	-0.127381	-0.340586	-0.004885	
5.160023	-0.123973	-0.341182	-0.008268	
5.170023	-0.120558	-0.341743	-0.011644	
5.180024	-0.117137	-0.342271	-0.015013	
5.190024	-0.113712	-0.342764	-0.018374	
5.200024	-0.110282	-0.343224	-0.021727	
5.210024	-0.106848	-0.343650	-0.025071	
5.220025	-0.103409	-0.344042	-0.028407	
5.230025	-0.099967	-0.344400	-0.031735	
5.240025	-0.096521	-0.344724	-0.035052	
5.250025	-0.093073	-0.345015	-0.038361	
5.260026	-0.089620	-0.345272	-0.041661	
5.270026	-0.086167	-0.345494	-0.044950	
5.280026	-0.082711	-0.345684	-0.048229	
5.290026	-0.079253	-0.345839	-0.051498	
5.300026	-0.075794	-0.345961	-0.054757	
5.310027	-0.072334	-0.346050	-0.058005	
5.320027	-0.068873	-0.346105	-0.061241	
5.330027	-0.065412	-0.346126	-0.064466	
5.340027	-0.061950	-0.346114	-0.067680	
5.350028	-0.058489	-0.346069	-0.070881	
5.360028	-0.055029	-0.345990	-0.074071	
5.370028	-0.051569	-0.345877	-0.077249	
5.380028	-0.048112	-0.345733	-0.080413	
5.390028	-0.044655	-0.345555	-0.083565	
5.400029	-0.041200	-0.345344	-0.086705	
5.410029	-0.037748	-0.345100	-0.089830	
5.420029	-0.034298	-0.344823	-0.092942	
5.430029	-0.030852	-0.344513	-0.096040	
5.440030	-0.027408	-0.344171	-0.099125	
5.450030	-0.023968	-0.343796	-0.102195	
5.460030	-0.020532	-0.343389	-0.105251	
5.470030	-0.017100	-0.342949	-0.108292	
5.480031	-0.013673	-0.342477	-0.111318	
5.490031	-0.010251	-0.341973	-0.114329	
5.500031	-0.006833	-0.341436	-0.117324	
5.510031	-0.003422	-0.340868	-0.120305	
5.520031	-0.000016	-0.340267	-0.123268	
5.530032	0.003384	-0.339635	-0.126217	
5.540032	0.006778	-0.338971	-0.129148	
5.550032	0.010163	-0.338276	-0.132064	
5.560032	0.013543	-0.337549	-0.134962	
5.570033	0.016914	-0.336790	-0.137844	
5.580033	0.020278	-0.336001	-0.140708	
5.590033	0.023634	-0.335181	-0.143555	
5.600033	0.026982	-0.334330	-0.146384	
5.610034	0.030321	-0.333447	-0.149196	
5.620034	0.033651	-0.332534	-0.151990	
5.630034	0.036971	-0.331590	-0.154766	
5.640034	0.040283	-0.330616	-0.157522	
5.650034	0.043584	-0.329613	-0.160260	
5.660035	0.046876	-0.328578	-0.162980	
5.670035	0.050156	-0.327514	-0.165680	
5.680035	0.053425	-0.326419	-0.168361	
5.690035	0.056684	-0.325295	-0.171023	
5.700036	0.059931	-0.324142	-0.173665	
5.710036	0.063167	-0.322960	-0.176287	
5.720036	0.066391	-0.321748	-0.178889	
5.730036	0.069602	-0.320507	-0.181471	
5.740036	0.072801	-0.319236	-0.184033	
5.750037	0.075987	-0.317939	-0.186573	
5.760037	0.079159	-0.316611	-0.189094	
5.770037	0.082319	-0.315257	-0.191593	
5.780037	0.085466	-0.313874	-0.194070	
5.790038	0.088597	-0.312463	-0.196527	
5.800038	0.091714	-0.311022	-0.198962	
5.810038	0.094818	-0.309555	-0.201376	
5.820038	0.097906	-0.308060	-0.203767	
5.830039	0.100979	-0.306539	-0.206137	
5.840039	0.104037	-0.304989	-0.208483	
5.850039	0.107078	-0.303413	-0.210808	
5.860039	0.110104	-0.301810	-0.213110	
5.870039	0.113115	-0.300181	-0.215389	
5.880040	0.116107	-0.298526	-0.217646	
5.890040	0.119085	-0.296844	-0.219880	
5.900040	0.122046	-0.295136	-0.222090	
5.910040	0.124988	-0.293403	-0.224277	
5.920041	0.127913	-0.291643	-0.226440	
5.930041	0.130821	-0.289859	-0.228579	
5.940041	0.133711	-0.288049	-0.230695	
5.950041	0.136582	-0.286215	-0.232787	
5.960042	0.139435	-0.284355	-0.234855	
5.970042	0.142269	-0.282471	-0.236897	
5.980042	0.145084	-0.280565	-0.238916	
5.990042	0.147881	-0.278631	-0.240910	
6.000042	0.150657	-0.276675	-0.242881	
6.010043	0.153415	-0.274697	-0.244825	
6.020043	0.156150	-0.272693	-0.246745	
6.030043	0.158868	-0.270668	-0.248640	
6.040043	0.161565	-0.268618	-0.250509	
6.050044	0.164241	-0.266547	-0.252353	
6.060044	0.166895	-0.264452	-0.254171	
6.070044	0.169530	-0.262337	-0.255964	
6.080044	0.172142	-0.260198	-0.257731	
6.090044	0.174733	-0.258038	-0.259473	
6.100045	0.177303	-0.255857	-0.261188	
6.110045	0.179850	-0.253653	-0.262878	
6.120045	0.182375	-0.251427	-0.264541	
6.130045	0.184879	-0.249183	-0.266178	
6.140046	0.187360	-0.246918	-0.267788	
6.150046	0.189818	-0.244632	-0.269371	
6.160046	0.192253	-0.242326	-0.270929	
6.170046	0.194664	-0.240000	-0.272459	
6.180047	0.197052	-0.237655	-0.273963	
6.190047	0.199418	-0.235290	-0.275439	
6.200047	0.201759	-0.232905	-0.276888	
6.210047	0.204076	-0.230504	-0.278311	
6.220047	0.206367	-0.228082	-0.279706	
6.230048	0.208637	-0.225643	-0.281074	
6.240048	0.210881	-0.223185	-0.282413	
6.250048	0.213101	-0.220710	-0.283727	
6.260048	0.215295	-0.218218	-0.285013	
6.270049	0.217466	-0.215707	-0.286270	
6.280049	0.219610	-0.213180	-0.287501	
6.290049	0.221729	-0.210635	-0.288703	
6.300049	0.223823	-0.208076	-0.289877	
6.310050	0.225891	-0.205499	-0.291024	
6.320050	0.227932	-0.202907	-0.292143	
6.330050	0.229948	-0.200298	-0.293233	
6.340050	0.231938	-0.197674	-0.294296	
6.350050	0.233903	-0.195036	-0.295330	
6.360051	0.235838	-0.192382	-0.296336	
6.370051	0.237749	-0.189712	-0.297314	
6.380051	0.239633	-0.187032	-0.298264	
6.390051	0.241491	-0.184333	-0.299185	
6.400052	0.243320	-0.181624	-0.300077	
6.410052	0.245121	-0.178901	-0.300943	
6.420052	0.246899	-0.176164	-0.301777	
6.430052	0.248647	-0.173413	-0.302584	
6.440053	0.250368	-0.170651	-0.303364	
6.450053	0.252060	-0.167876	-0.304114	
6.460053	0.253725	-0.165089	-0.304835	
6.470053	0.255361	-0.162290	-0.305528	
6.480053	0.256968	-0.159479	-0.306191	
6.490054	0.258551	-0.156659	-0.306827	
6.500054	0.260103	-0.153826	-0.307434	
6.510054	0.261627	-0.150982	-0.308011	
6.520054	0.263123	-0.148130	-0.308562	
6.530055	0.264590	-0.145268	-0.309080	
6.540055	0.266030	-0.142392	-0.309574	
6.550055	0.267437	-0.139511	-0.310036	
6.560055	0.268820	-0.136619	-0.310470	
6.570055	0.270171	-0.133717	-0.310876	
6.580056	0.271493	-0.130809	-0.311252	
6.590056	0.272785	-0.127890	-0.311600	
6.600056	0.274051	-0.124964	-0.311918	
6.610056	0.275287	-0.122029	-0.312209	
6.620057	0.276491	-0.119088	-0.312471	
6.630057	0.277669	-0.116141	-0.312701	
6.640057	0.278813	-0.113186	-0.312905	
6.650057	0.279932	-0.110224	-0.313081	
6.660058	0.281019	-0.107255	-0.313227	
6.670058	0.282077	-0.104279	-0.313345	
6.680058	0.283104	-0.101300	-0.313434	
6.690058	0.284104	-0.098313	-0.313493	
6.700058	0.285071	-0.095324	-0.313526	
6.710059	0.286009	-0.092327	-0.313530	
6.720059	0.286917	-0.089330	-0.313503	
6.730059	0.287795	-0.086326	-0.313449	
6.740059	0.288643	-0.083316	-0.313366	
6.750060	0.289461	-0.080306	-0.313255	
6.760060	0.290251	-0.077288	-0.313117	
6.770060	0.291010	-0.074271	-0.312950	
6.780060	0.291737	-0.071250	-0.312754	
6.790061	0.292436	-0.068224	-0.312529	
6.800061	0.293099	-0.065201	-0.312276	
6.810061	0.293738	-0.062171	-0.311995	
6.820061	0.294346	-0.059143	-0.311689	
6.830061	0.294923	-0.056112	-0.311352	
6.840062	0.295469	-0.053081	-0.310986	
6.850062	0.295979	-0.050046	-0.310595	
6.860062	0.296465	-0.047017	-0.310175	
6.870062	0.296924	-0.043979	-0.309727	
6.880063	0.297343	-0.040949	-0.309251	
6.890063	0.297739	-0.037914	-0.308746	
6.900063	0.298103	-0.034883	-0.308215	
6.910063	0.298439	-0.031850	-0.307655	
6.920063	0.298741	-0.028823	-0.307071	
6.930064	0.299011	-0.025792	-0.306459	
6.940064	0.299257	-0.022768	-0.305818	
6.950064	0.299468	-0.019742	-0.305151	
6.960064	0.299653	-0.016719	-0.304457	
6.970065	0.299803	-0.013703	-0.303734	
6.980065	0.299926	-0.010686	-0.302989	
6.990065	0.300018	-0.007672	-0.302213	
7.000065	0.300079	-0.004663	-0.301412	
7.010066	0.300112	-0.001656	-0.300584	
7.020066	0.300111	0.001343	-0.299729	
7.030066	0.300083	0.004341	-0.298849	
7.040066	0.300028	0.007333	-0.297943	
7.050066	0.299938	0.010322	-0.297009	
7.060067	0.299820	0.013303	-0.296050	
7.070067	0.299671	0.016281	-0.295067	
7.080067	0.299495	0.019251	-0.294056	
7.090067	0.299285	0.022216	-0.293019	
7.100068	0.299048	0.025172	-0.291957	
7.110068	0.298783	0.028125	-0.290871	
7.120068	0.298486	0.031068	-0.289758	
7.130068	0.298163	0.034009	-0.288623	
7.140069	0.297807	0.036937	-0.287459	
7.150069	0.297422	0.039861	-0.286275	
7.160069	0.297010	0.042774	-0.285061	
7.170069	0.296566	0.045683	-0.283823	
7.180069	0.296097	0.048578	-0.282563	
7.190070	0.295596	0.051470	-0.281280	
7.200070	0.295067	0.054344	-0.279970	
7.210070	0.294509	0.057221	-0.278636	
7.220070	0.293921	0.060080	-0.277281	
7.230071	0.293307	0.062931	-0.275899	
7.240071	0.292664	0.065769	-0.274494	
7.250071	0.291991	0.068602	-0.273069	
7.260071	0.291292	0.071425	-0.271617	
7.270072	0.290561	0.074230	-0.270141	
7.280072	0.289804	0.077028	-0.268647	
7.290072	0.289021	0.079817	-0.267125	
7.300072	0.288213	0.082591	-0.265583	
7.310072	0.287369	0.085355	-0.264019	
7.320073	0.286502	0.088103	-0.262430	
7.330073	0.285613	0.090846	-0.260823	
7.340073	0.284687	0.093568	-0.259192	
7.350073	0.283736	0.096282	-0.257540	
7.360074	0.282761	0.098981	-0.255864	
7.370074	0.281757	0.101665	-0.254167	
7.380074	0.280730	0.104344	-0.252453	
7.390074	0.279669	0.107001	-0.250714	
7.400074	0.278588	0.109644	-0.248956	
7.410075	0.277475	0.112276	-0.247174	
7.420075	0.276342	0.114894	-0.245376	
7.430075	0.275179	0.117491	-0.243554	
7.440075	0.273991	0.120076	-0.241712	
7.450076	0.272779	0.122647	-0.239853	
7.460076	0.271536	0.125203	-0.237972	
7.470076	0.270271	0.127747	-0.236073	
7.480076	0.268982	0.130271	-0.234154	
7.490077	0.267669	0.132778	-0.232216	
7.500077	0.266332	0.135270	-0.230258	
7.510077	0.264959	0.137746	-0.228278	
7.520077	0.263574	0.140198	-0.226283	
7.530077	0.262154	0.142639	-0.224271	
7.540078	0.260719	0.145063	-0.222243	
7.550078	0.259255	0.147471	-0.220198	
7.560078	0.257769	0.149855	-0.218126	
7.570078	0.256264	0.152226	-0.216042	
7.580079	0.254726	0.154580	-0.213942	
7.590079	0.253169	0.156917	-0.211822	
7.600079	0.251593	0.159230	-0.209685	
7.610079	0.249989	0.161527	-0.207537	
7.620080	0.248359	0.163805	-0.205366	
7.630080	0.246716	0.166067	-0.203181	
7.640080	0.245040	0.168304	-0.200980	
7.650080	0.243343	0.170526	-0.198760	
7.660080	0.241629	0.172727	-0.196531	
7.670081	0.239890	0.174912	-0.194281	
7.680081	0.238129	0.177070	-0.192017	
7.690081	0.236352	0.179207	-0.189738	
7.700081	0.234544	0.181334	-0.187448	
7.710082	0.232721	0.183428	-0.185143	
7.720082	0.230874	0.185500	-0.182816	
7.730082	0.229014	0.187566	-0.180481	
7.740082	0.227124	0.189601	-0.178135	
7.750082	0.225219	0.191622	-0.175770	
7.760083	0.223292	0.193611	-0.173392	
7.770083	0.221346	0.195584	-0.170999	
7.780083	0.219380	0.197529	-0.168601	
7.790083	0.217397	0.199467	-0.166185	
7.800084	0.215391	0.201371	-0.163758	
7.810084	0.213371	0.203257	-0.161320	
7.820084	0.211326	0.205124	-0.158866	
7.830084	0.209270	0.206961	-0.156404	
7.840085	0.207188	0.208775	-0.153933	
7.850085	0.205093	0.210570	-0.151442	
7.860085	0.202974	0.212337	-0.148944	
7.870085	0.200841	0.214091	-0.146440	
7.880085	0.198692	0.215814	-0.143919	
7.890086	0.196530	0.217520	-0.141391	
7.900086	0.194338	0.219198	-0.138853	
7.910086	0.192146	0.220849	-0.136303	
7.920086	0.189925	0.222480	-0.133747	
7.930087	0.187696	0.224084	-0.131181	
7.940087	0.185441	0.225671	-0.128602	
7.950087	0.183181	0.227229	-0.126012	
7.960087	0.180899	0.228760	-0.123423	
7.970088	0.178604	0.230269	-0.120818	
7.980088	0.176297	0.231752	-0.118212	
7.990088	0.173973	0.233213	-0.115599	
8.000088	0.171632	0.234653	-0.112972	
8.010088	0.169275	0.236058	-0.110339	
8.020088	0.166910	0.237446	-0.107698	
8.030088	0.164530	0.238805	-0.105049	
8.040089	0.162129	0.240144	-0.102397	
8.050089	0.159726	0.241449	-0.099742	
8.060089	0.157308	0.242738	-0.097075	
8.070089	0.154869	0.243997	-0.094403	
8.080090	0.152430	0.245224	-0.091726	
8.090090	0.149968	0.246437	-0.089046	
8.100090	0.147500	0.247619	-0.086356	
8.110090	0.145018	0.248776	-0.083663	
8.120090	0.142518	0.249908	-0.080966	
8.130091	0.140017	0.251003	-0.078264	
8.140091	0.137499	0.252089	-0.075561	
8.150091	0.134980	0.253137	-0.072854	
8.160091	0.132432	0.254163	-0.070139	
8.170092	0.129895	0.255164	-0.067428	
8.180092	0.127332	0.256138	-0.064708	
8.190092	0.124761	0.257092	-0.061988	
8.200092	0.122190	0.258009	-0.059261	
8.210093	0.119607	0.258906	-0.056537	
8.220093	0.117016	0.259766	-0.053811	
8.230093	0.114416	0.260608	-0.051080	
8.240093	0.111795	0.261429	-0.048349	
8.250093	0.109188	0.262219	-0.045615	
8.260094	0.106550	0.262966	-0.042883	
8.270094	0.103926	0.263709	-0.040151	
8.280094	0.101286	0.264414	-0.037415	
8.290094	0.098645	0.265088	-0.034681	
8.300095	0.095979	0.265749	-0.031944	
8.310095	0.093321	0.266374	-0.029213	
8.320095	0.090651	0.266979	-0.026479	
8.330095	0.087982	0.267552	-0.023747	
8.340096	0.085297	0.268087	-0.021009	
8.350096	0.082618	0.268609	-0.018282	
8.360096	0.079926	0.269094	-0.015557	
8.370096	0.077235	0.269551	-0.012822	
8.380096	0.074540	0.269995	-0.010101	
8.390097	0.071835	0.270399	-0.007380	
8.400097	0.069136	0.270786	-0.004663	
8.410097	0.066414	0.271142	-0.001943	
8.420097	0.063713	0.271472	0.000769	
8.430098	0.060995	0.271781	0.003488	
8.440098	0.058270	0.272049	0.006191	
8.450098	0.055552	0.272299	0.008899	
8.460098	0.052824	0.272512	0.011605	
8.470098	0.050109	0.272701	0.014292	
8.480099	0.047369	0.272877	0.016983	
8.490099	0.044645	0.273014	0.019673	
8.500099	0.041907	0.273129	0.022346	
8.510099	0.039177	0.273210	0.025028	
8.520100	0.036441	0.273268	0.027702	
8.530100	0.033714	0.273295	0.030360	
8.540100	0.030990	0.273295	0.033027	
8.550100	0.028247	0.273277	0.035679	
8.560101	0.025511	0.273231	0.038323	
8.570101	0.022787	0.273144	0.040951	
8.580101	0.020057	0.273040	0.043593	
8.590101	0.017320	0.272914	0.046221	
8.600101	0.014596	0.272758	0.048837	
8.610102	0.011866	0.272563	0.051448	
8.620102	0.009139	0.272355	0.054044	
8.630102	0.006420	0.272124	0.056641	
8.640102	0.003704	0.271862	0.059225	
8.650103	0.000980	0.271557	0.061807	
8.660103	-0.001730	0.271247	0.064370	
8.670103	-0.004438	0.270906	0.066934	
8.680103	-0.007152	0.270530	0.069486	
8.690104	-0.009848	0.270133	0.072017	
8.700104	-0.012548	0.269718	0.074552	
8.710104	-0.015248	0.269269	0.077074	
8.720104	-0.017932	0.268799	0.079579	
8.730104	-0.020618	0.268286	0.082087	
8.740105	-0.023298	0.267767	0.084581	
8.750105	-0.025974	0.267211	0.087043	
8.760105	-0.028644	0.266640	0.089513	
8.770105	-0.031315	0.266032	0.091981	
8.780106	-0.033971	0.265403	0.094420	
8.790106	-0.036614	0.264755	0.096852	
8.800106	-0.039263	0.264055	0.099275	
8.810106	-0.041905	0.263355	0.101675	
8.820107	-0.044544	0.262640	0.104078	
8.830107	-0.047156	0.261874	0.106466	
8.840107	-0.049758	0.261097	0.108830	
8.850107	-0.052376	0.260295	0.111191	
8.860107	-0.054976	0.259454	0.113537	
8.870108	-0.057557	0.258608	0.115874	
8.880108	-0.060155	0.257723	0.118189	
8.890108	-0.062709	0.256805	0.120494	
8.900108	-0.065279	0.255890	0.122784	
8.910109	-0.067844	0.254939	0.125070	
8.920109	-0.070384	0.253950	0.127321	
8.930109	-0.072924	0.252959	0.129575	
8.940109	-0.075425	0.251936	0.131799	
8.950109	-0.077960	0.250896	0.134024	
8.960110	-0.080459	0.249824	0.136219	
8.970110	-0.082946	0.248724	0.138411	
8.980110	-0.085442	0.247617	0.140576	
8.990110	-0.087899	0.246473	0.142735	
9.000111	-0.090354	0.245297	0.144869	
9.010111	-0.092804	0.244107	0.146990	
9.020111	-0.095247	0.242896	0.149096	
9.030111	-0.097666	0.241661	0.151196	
9.040112	-0.100067	0.240411	0.153269	
9.050112	-0.102466	0.239125	0.155326	
9.060112	-0.104883	0.237837	0.157360	
9.070112	-0.107237	0.236522	0.159385	
9.080112	-0.109592	0.235168	0.161377	
9.090113	-0.111944	0.233803	0.163378	
9.100113	-0.114280	0.232422	0.165347	
9.110113	-0.116592	0.231018	0.167305	
9.120113	-0.118899	0.229570	0.169238	
9.130114	-0.121163	0.228118	0.171151	
9.140114	-0.123439	0.226662	0.173046	
9.150114	-0.125694	0.225165	0.174937	
9.160114	-0.127942	0.223646	0.176781	
9.170115	-0.130180	0.222125	0.178616	
9.180115	-0.132389	0.220552	0.180453	
9.190115	-0.134592	0.218988	0.182251	
9.200115	-0.136775	0.217385	0.184028	
9.210115	-0.138936	0.215773	0.185790	
9.220116	-0.141088	0.214147	0.187543	
9.230116	-0.143215	0.212488	0.189255	
9.240116	-0.145346	0.210818	0.190964	
9.250116	-0.147429	0.209111	0.192666	
9.260117	-0.149509	0.207435	0.194333	
9.270117	-0.151590	0.205685	0.195964	
9.280117	-0.153637	0.203951	0.197591	
9.290117	-0.155672	0.202168	0.199192	
9.300117	-0.157670	0.200399	0.200764	
9.310118	-0.159691	0.198605	0.202331	
9.320118	-0.161666	0.196784	0.203871	
9.330118	-0.163623	0.194935	0.205399	
9.340118	-0.165545	0.193065	0.206887	
9.350119	-0.167477	0.191207	0.208376	
9.360119	-0.169354	0.189294	0.209831	
9.370119	-0.171242	0.187405	0.211263	
9.380119	-0.173116	0.185507	0.212680	
9.390120	-0.174976	0.183564	0.214076	
9.400120	-0.176799	0.181595	0.215421	
9.410120	-0.178590	0.179653	0.216773	
9.420120	-0.180394	0.177656	0.218095	
9.430120	-0.182156	0.175659	0.219404	
9.440121	-0.183886	0.173654	0.220672	
9.450121	-0.185615	0.171614	0.221945	
9.460121	-0.187336	0.169569	0.223180	
9.470121	-0.189032	0.167509	0.224395	
9.480122	-0.190683	0.165423	0.225558	
9.490122	-0.192323	0.163330	0.226753	
9.500122	-0.193952	0.161224	0.227876	
9.510122	-0.195539	0.159123	0.229010	
9.520123	-0.197129	0.156989	0.230111	
9.530123	-0.198712	0.154846	0.231190	
9.540123	-0.200261	0.152695	0.232229	
9.550123	-0.201727	0.150532	0.233258	
9.560123	-0.203244	0.148343	0.234274	
9.570124	-0.204715	0.146148	0.235247	
9.580124	-0.206157	0.143943	0.236207	
9.590124	-0.207608	0.141731	0.237124	
9.600124	-0.208999	0.139491	0.238044	
9.610125	-0.210394	0.137249	0.238944	
9.620125	-0.211767	0.134996	0.239817	
9.630125	-0.213068	0.132738	0.240650	
9.640125	-0.214394	0.130473	0.241452	
9.650126	-0.215705	0.128185	0.242242	
9.660126	-0.216973	0.125897	0.243028	
9.670126	-0.218191	0.123575	0.243768	
9.680126	-0.219431	0.121269	0.244479	
9.690126	-0.220623	0.118952	0.245206	
9.700127	-0.221817	0.116591	0.245843	
9.710127	-0.222942	0.114255	0.246488	
9.720127	-0.224099	0.111924	0.247123	
9.730127	-0.225198	0.109535	0.247716	
9.740128	-0.226286	0.107174	0.248286	
9.750128	-0.227341	0.104810	0.248839	
9.760128	-0.228387	0.102414	0.249374	
9.770128	-0.229412	0.100032	0.249870	
9.780128	-0.230407	0.097618	0.250339	
9.790129	-0.231373	0.095246	0.250804	
9.800129	-0.232285	0.092812	0.251254	
9.810129	-0.233192	0.090388	0.251640	
9.820129	-0.234068	0.087945	0.252004	
9.830130	-0.234983	0.085543	0.252360	
9.840130	-0.235811	0.083080	0.252699	
9.850130	-0.236626	0.080631	0.252982	
9.860130	-0.237408	0.078192	0.253277	
9.870131	-0.238191	0.075733	0.253530	
9.880131	-0.238928	0.073249	0.253756	
9.890131	-0.239675	0.070843	0.253965	
9.900131	-0.240337	0.068343	0.254134	
9.910131	-0.241028	0.065873	0.254327	
9.920132	-0.241696	0.063385	0.254455	
9.930132	-0.242313	0.060919	0.254560	
9.940132	-0.242902	0.058431	0.254633	
9.950132	-0.243436	0.055922	0.254695	
9.960133	-0.244021	0.053406	0.254726	
9.970133	-0.244538	0.050908	0.254750	
9.980133	-0.245004	0.048424	0.254739	
9.990133	-0.245466	0.045956	0.254693	
