 x		y for n=1		y for n=2		y for n=2.5		y for n=3
0.000000	 0.707106	 0.707106	 0.707106	 0.707106
0.099833	 0.774167	 0.833492	 0.860065	 0.884489
0.198669	 0.833492	 0.926649	 0.959549	 0.982863
0.295520	 0.884489	 0.982863	 0.999374	 0.993440
0.389418	 0.926649	 0.999893	 0.977061	 0.915277
0.479426	 0.959549	 0.977061	 0.894000	 0.755355
0.564642	 0.982863	 0.915277	 0.755355	 0.527959
0.644218	 0.996356	 0.817003	 0.569745	 0.253402
0.717356	 0.999893	 0.686158	 0.348711	 -0.043791
0.783327	 0.993440	 0.527959	 0.105995	 -0.337072
0.841471	 0.977061	 0.348711	 -0.143310	 -0.600243
0.891207	 0.950920	 0.155561	 -0.383705	 -0.809796
0.932039	 0.915277	 -0.043791	 -0.600243	 -0.947013
0.963558	 0.870489	 -0.241397	 -0.779461	 -0.999636
0.985450	 0.817003	 -0.429379	 -0.910216	 -0.962964
0.997495	 0.755354	 -0.600243	 -0.984378	 -0.840273
0.999574	 0.686158	 -0.747178	 -0.997336	 -0.642524
0.991665	 0.610106	 -0.864324	 -0.948284	 -0.387379
0.973848	 0.527959	 -0.947013	 -0.840273	 -0.097631
0.946300	 0.440535	 -0.991947	 -0.680018	 0.200838
0.909297	 0.348711	 -0.997336	 -0.477483	 0.481367
0.863209	 0.253402	 -0.962964	 -0.245259	 0.718896
0.808496	 0.155561	 -0.890202	 0.002212	 0.892209
0.745705	 0.056166	 -0.781950	 0.249547	 0.985823
0.675463	 -0.043791	 -0.642524	 0.481365	 0.991377
0.598472	 -0.143310	 -0.477483	 0.683255	 0.908375
0.515502	 -0.241396	 -0.293407	 0.842664	 0.744230
0.427380	 -0.337071	 -0.097633	 0.949680	 0.513606
0.334989	 -0.429378	 0.102033	 0.997649	 0.237102
0.239250	 -0.517395	 0.297632	 0.983589	 -0.060580
0.141121	 -0.600242	 0.481365	 0.908375	 -0.352852
0.041581	 -0.677092	 0.645907	 0.776683	 -0.613604
-0.058373	 -0.747177	 0.784699	 0.596701	 -0.819545
-0.157745	 -0.809796	 0.892208	 0.379618	 -0.952279
-0.255540	 -0.864323	 0.964147	 0.138932	 -0.999948
-0.350782	 -0.910215	 0.997649	 -0.110391	 -0.958296
-0.442519	 -0.947012	 0.991378	 -0.352851	 -0.831041
-0.529835	 -0.974348	 0.945584	 -0.573372	 -0.629553
-0.611857	 -0.991947	 0.862092	 -0.758244	 -0.371828
-0.687765	 -0.999636	 0.744232	 -0.895972	 -0.080890
-0.756801	 -0.997336	 0.596701	 -0.977993	 0.217275
-0.818276	 -0.985072	 0.425382	 -0.999207	 0.496031
-0.871575	 -0.962964	 0.237104	 -0.958296	 0.730478
-0.916165	 -0.931236	 0.039374	 -0.857801	 0.899674
-0.951602	 -0.890203	 -0.159926	 -0.703974	 0.988504
-0.977530	 -0.840275	 -0.352850	 -0.506377	 0.989035
-0.993691	 -0.781951	 -0.531708	 -0.277295	 0.901218
-0.999923	 -0.715815	 -0.689367	 -0.030974	 0.732898
-0.996165	 -0.642526	 -0.819544	 0.217274	 0.499110
-0.982453	 -0.562817	 -0.917049	 0.452013	 0.220739
-0.958925	 -0.477485	 -0.977993	 0.658648	 -0.077349
-0.925816	 -0.387382	 -0.999948	 0.824332	 -0.368530
-0.883456	 -0.293409	 -0.982039	 0.938762	 -0.626791
-0.832269	 -0.196503	 -0.924978	 0.994825	 -0.829062
-0.772766	 -0.097635	 -0.831042	 0.989035	 -0.957275
-0.705542	 0.002209	 -0.703975	 0.921752	 -0.999978
-0.631269	 0.102031	 -0.548843	 0.797158	 -0.953357
-0.550688	 0.200834	 -0.371830	 0.623001	 -0.821575
-0.464605	 0.297630	 -0.179993	 0.410109	 -0.616405
-0.373880	 0.391452	 0.019019	 0.171718	 -0.356174
-0.279419	 0.481363	 0.217273	 -0.077348	 -0.064123
-0.182166	 0.566464	 0.406865	 -0.321607	 0.233652
-0.083093	 0.645905	 0.580237	 -0.545869	 0.510556
0.016810	 0.718893	 0.730477	 -0.736192	 0.741854
0.116546	 0.784698	 0.851594	 -0.880742	 0.906884
0.215116	 0.842662	 0.938762	 -0.970531	 0.990906
0.311538	 0.892207	 0.988504	 -0.999978	 0.986413
0.404846	 0.932837	 0.998838	 -0.967251	 0.893808
0.494110	 0.964146	 0.969351	 -0.874385	 0.721359
0.578436	 0.985823	 0.901219	 -0.727157	 0.484475
0.656983	 0.997649	 0.797159	 -0.534715	 0.204315
0.728966	 0.999507	 0.661318	 -0.309028	 -0.094096
0.793665	 0.991378	 0.499113	 -0.064127	 -0.384102
0.850434	 0.973344	 0.317010	 0.184762	 -0.639797
0.898706	 0.945584	 0.122268	 0.422162	 -0.838341
0.937998	 0.908377	 -0.077347	 0.633315	 -0.961999
0.967918	 0.862093	 -0.273880	 0.805091	 -0.999725
0.988167	 0.807195	 -0.459492	 0.926811	 -0.948148
0.998543	 0.744233	 -0.626788	 0.990906	 -0.811876
0.998942	 0.673834	 -0.769096	 0.993391	 -0.603082
0.989359	 0.596702	 -0.880741	 0.934112	 -0.340417
0.969891	 0.513609	 -0.957274	 0.816754	 -0.047343
0.940732	 0.425383	 -0.995644	 0.648615	 0.249963
0.902174	 0.332907	 -0.994321	 0.440148	 0.524937
0.854601	 0.237105	 -0.953357	 0.204315	 0.753023
0.798489	 0.138933	 -0.874385	 -0.044226	 0.913841
0.734399	 0.039374	 -0.760554	 -0.290013	 0.993028
0.662971	 -0.060579	 -0.616402	 -0.517768	 0.983511
0.584919	 -0.159927	 -0.447676	 -0.713331	 0.886138
0.501023	 -0.257677	 -0.261102	 -0.864545	 0.709610
0.412120	 -0.352852	 -0.064119	 -0.962003	 0.469691
0.319100	 -0.444502	 0.135420	 -0.999647	 0.187820
0.222891	 -0.531710	 0.329561	 -0.975139	 -0.110833
0.124455	 -0.613606	 0.510563	 -0.890000	 -0.399582
0.024776	 -0.689370	 0.671210	 -0.749525	 -0.652640
-0.075151	 -0.758247	 0.805098	 -0.562449	 -0.847397
-0.174327	 -0.819547	 0.906889	 -0.340402	 -0.966459
-0.271761	 -0.872659	 0.972525	 -0.097187	 -0.999189
-0.366480	 -0.917051	 0.999389	 0.152067	 -0.942664
-0.457537	 -0.952280	 0.986411	 0.391866	 -0.801934
-0.544023	 -0.977994	 0.934107	 0.607301	 -0.589567
-0.625072	 -0.993937	 0.844562	 0.784979	 -0.324538
-0.699877	 -0.999948	 0.721348	 0.913849	 -0.030515
-0.767688	 -0.995968	 0.569375	 0.985899	 0.266229
-0.827828	 -0.982037	 0.394704	 0.996651	 0.539196
-0.879698	 -0.958293	 0.204296	 0.945435	 0.763994
-0.922777	 -0.924975	 0.005744	 0.835436	 0.920549
-0.956636	 -0.882414	 -0.193038	 0.673494	 0.994872
-0.980937	 -0.831036	 -0.384123	 0.469678	 0.980326
-0.995437	 -0.771355	 -0.559895	 0.236655	 0.878210
-0.999990	 -0.703967	 -0.713345	 -0.011078	 0.697647
-0.994552	 -0.629545	 -0.838356	 -0.258122	 0.454761
-0.979176	 -0.548832	 -0.929944	 -0.489118	 0.171253
-0.954017	 -0.462636	 -0.984458	 -0.689705	 -0.127550
-0.919326	 -0.371817	 -0.999725	 -0.847407	 -0.414959
-0.875448	 -0.277283	 -0.975135	 -0.952421	 -0.665304
-0.822824	 -0.179979	 -0.911669	 -0.998218	 -0.856218
-0.761978	 -0.080876	 -0.811858	 -0.981950	 -0.970646
-0.693519	 0.019035	 -0.679681	 -0.904628	 -0.998370
-0.618130	 0.118755	 -0.520406	 -0.771062	 -0.936912
-0.536565	 0.217289	 -0.340384	 -0.589554	 -0.791760
-0.449639	 0.313652	 -0.146792	 -0.371388	 -0.575884
-0.358220	 0.406881	 0.052652	 -0.130133	 -0.308567
-0.263221	 0.496045	 0.249997	 0.119213	 -0.013683
-0.165593	 0.580252	 0.437375	 0.361146	 0.282424
-0.066310	 0.658661	 0.607316	 0.580629	 0.553299
