0.010000	 1.001442	 1.029721	 0.983704
0.030000	 1.005573	 1.059421	 0.968160
0.050000	 1.012141	 1.089195	 0.953376
0.070000	 1.020923	 1.119128	 0.939362
0.090000	 1.031730	 1.149300	 0.926128
0.110000	 1.044393	 1.179779	 0.913684
0.130000	 1.058770	 1.210630	 0.902042
0.150000	 1.074734	 1.241909	 0.891212
0.170000	 1.092179	 1.273671	 0.881207
0.190000	 1.111012	 1.305963	 0.872038
0.210000	 1.131152	 1.338828	 0.863719
0.230000	 1.152534	 1.372306	 0.856264
0.250000	 1.175097	 1.406435	 0.849687
0.270000	 1.198794	 1.441248	 0.844004
0.290000	 1.223583	 1.476775	 0.839232
0.310000	 1.249430	 1.513046	 0.835388
0.330000	 1.276306	 1.550087	 0.832491
0.350000	 1.304188	 1.587920	 0.830561
0.370000	 1.333056	 1.626568	 0.829619
0.390000	 1.362895	 1.666051	 0.829686
0.410000	 1.393692	 1.706386	 0.830788
0.430000	 1.425440	 1.747590	 0.832948
0.450000	 1.458130	 1.789676	 0.836192
0.470000	 1.491757	 1.832658	 0.840549
0.490000	 1.526319	 1.876544	 0.846048
0.510000	 1.561812	 1.921345	 0.852719
0.530000	 1.598235	 1.967066	 0.860594
0.550000	 1.635588	 2.013711	 0.869706
0.570000	 1.673870	 2.061284	 0.880091
0.590000	 1.713081	 2.109784	 0.891784
0.610000	 1.753221	 2.159208	 0.904824
0.630000	 1.794289	 2.209552	 0.919249
0.650000	 1.836284	 2.260808	 0.935100
0.670000	 1.879204	 2.312965	 0.952419
0.690000	 1.923046	 2.366011	 0.971247
0.710000	 1.967806	 2.419929	 0.991630
0.730000	 2.013479	 2.474698	 1.013612
0.750000	 2.060058	 2.530296	 1.037239
0.770000	 2.107535	 2.586694	 1.062557
0.790000	 2.155897	 2.643862	 1.089614
0.810000	 2.205134	 2.701765	 1.118456
0.830000	 2.255229	 2.760361	 1.149132
0.850000	 2.306164	 2.819607	 1.181688
0.870000	 2.357920	 2.879453	 1.216172
0.890000	 2.410473	 2.939845	 1.252630
0.910000	 2.463795	 3.000724	 1.291107
0.930000	 2.517857	 3.062023	 1.331648
0.950000	 2.572625	 3.123673	 1.374294
0.970000	 2.628062	 3.185597	 1.419085
0.990000	 2.684125	 3.247712	 1.466059
1.010000	 2.740770	 3.309931	 1.515251
1.030000	 2.797946	 3.372158	 1.566691
1.050000	 2.855599	 3.434294	 1.620405
1.070000	 2.913669	 3.496232	 1.676415
1.090000	 2.972092	 3.557858	 1.734739
1.110000	 3.030800	 3.619054	 1.795385
1.130000	 3.089718	 3.679697	 1.858359
1.150000	 3.148767	 3.739655	 1.923657
1.170000	 3.207864	 3.798794	 1.991267
1.190000	 3.266918	 3.856972	 2.061170
1.210000	 3.325836	 3.914046	 2.133337
1.230000	 3.384518	 3.969867	 2.207730
1.250000	 3.442860	 4.024282	 2.284298
1.270000	 3.500753	 4.077137	 2.362982
1.290000	 3.558083	 4.128275	 2.443711
1.310000	 3.614734	 4.177538	 2.526399
1.330000	 3.670583	 4.224767	 2.610952
1.350000	 3.725506	 4.269806	 2.697261
1.370000	 3.779374	 4.312500	 2.785202
1.390000	 3.832058	 4.352695	 2.874643
1.410000	 3.883426	 4.390245	 2.965435
1.430000	 3.933343	 4.425006	 3.057417
1.450000	 3.981676	 4.456843	 3.150416
1.470000	 4.028292	 4.485629	 3.244246
1.490000	 4.073056	 4.511246	 3.338710
1.510000	 4.115840	 4.533585	 3.433601
1.530000	 4.156513	 4.552552	 3.528700
1.550000	 4.194954	 4.568064	 3.623779
1.570000	 4.231041	 4.580053	 3.718605
1.590000	 4.264661	 4.588465	 3.812936
1.610000	 4.295706	 4.593266	 3.906525
1.630000	 4.324077	 4.594433	 3.999123
1.650000	 4.349682	 4.591966	 4.090479
1.670000	 4.372440	 4.585878	 4.180343
1.690000	 4.392278	 4.576206	 4.268463
1.710000	 4.409135	 4.562999	 4.354597
1.730000	 4.422963	 4.546328	 4.438503
1.750000	 4.433724	 4.526281	 4.519949
1.770000	 4.441393	 4.502962	 4.598714
1.790000	 4.445960	 4.476492	 4.674585
1.810000	 4.447427	 4.447009	 4.747364
1.830000	 4.445808	 4.414662	 4.816867
1.850000	 4.441134	 4.379616	 4.882923
1.870000	 4.433446	 4.342045	 4.945381
1.890000	 4.422800	 4.302136	 5.004106
1.910000	 4.409265	 4.260082	 5.058983
1.930000	 4.392921	 4.216084	 5.109914
1.950000	 4.373861	 4.170346	 5.156823
1.970000	 4.352187	 4.123078	 5.199650
1.990000	 4.328013	 4.074490	 5.238358
2.010000	 4.301461	 4.024792	 5.272927
2.030000	 4.272663	 3.974191	 5.303358
2.050000	 4.241756	 3.922894	 5.329669
2.070000	 4.208885	 3.871099	 5.351894
2.090000	 4.174197	 3.819001	 5.370086
2.110000	 4.137848	 3.766786	 5.384311
2.130000	 4.099991	 3.714633	 5.394651
2.150000	 4.060786	 3.662712	 5.401202
2.170000	 4.020390	 3.611182	 5.404068
2.190000	 3.978960	 3.560193	 5.403366
2.210000	 3.936655	 3.509883	 5.399224
2.230000	 3.893627	 3.460379	 5.391773
2.250000	 3.850028	 3.411798	 5.381155
2.270000	 3.806005	 3.364245	 5.367515
2.290000	 3.761701	 3.317815	 5.351003
2.310000	 3.717254	 3.272590	 5.331772
2.330000	 3.672795	 3.228644	 5.309975
2.350000	 3.628451	 3.186039	 5.285769
2.370000	 3.584340	 3.144828	 5.259309
2.390000	 3.540576	 3.105055	 5.230750
2.410000	 3.497263	 3.066756	 5.200245
2.430000	 3.454501	 3.029956	 5.167944
2.450000	 3.412381	 2.994678	 5.133996
2.470000	 3.370987	 2.960932	 5.098545
2.490000	 3.330395	 2.928725	 5.061733
2.510000	 3.290677	 2.898059	 5.023696
2.530000	 3.251896	 2.868929	 4.984567
2.550000	 3.214107	 2.841326	 4.944474
2.570000	 3.177362	 2.815237	 4.903540
2.590000	 3.141704	 2.790647	 4.861883
2.610000	 3.107171	 2.767534	 4.819616
2.630000	 3.073796	 2.745879	 4.776849
2.650000	 3.041607	 2.725655	 4.733684
2.670000	 3.010624	 2.706838	 4.690220
2.690000	 2.980867	 2.689400	 4.646550
2.710000	 2.952348	 2.673311	 4.602763
2.730000	 2.925076	 2.658543	 4.558943
2.750000	 2.899056	 2.645066	 4.515170
2.770000	 2.874292	 2.632849	 4.471519
2.790000	 2.850782	 2.621860	 4.428060
2.810000	 2.828522	 2.612071	 4.384861
2.830000	 2.807505	 2.603449	 4.341985
2.850000	 2.787723	 2.595965	 4.299490
2.870000	 2.769166	 2.589589	 4.257432
2.890000	 2.751820	 2.584291	 4.215862
2.910000	 2.735672	 2.580041	 4.174830
2.930000	 2.720705	 2.576812	 4.134382
2.950000	 2.706904	 2.574576	 4.094558
2.970000	 2.694251	 2.573305	 4.055400
2.990000	 2.682726	 2.572972	 4.016945
3.010000	 2.672310	 2.573552	 3.979226
3.030000	 2.662984	 2.575019	 3.942276
3.050000	 2.654727	 2.577348	 3.906126
3.070000	 2.647519	 2.580515	 3.870802
3.090000	 2.641337	 2.584497	 3.836331
3.110000	 2.636160	 2.589269	 3.802737
3.130000	 2.631968	 2.594811	 3.770041
3.150000	 2.628739	 2.601099	 3.738265
3.170000	 2.626450	 2.608113	 3.707427
3.190000	 2.625080	 2.615830	 3.677544
3.210000	 2.624609	 2.624230	 3.648633
3.230000	 2.625014	 2.633292	 3.620708
3.250000	 2.626274	 2.642996	 3.593783
3.270000	 2.628367	 2.653323	 3.567870
3.290000	 2.631274	 2.664252	 3.542980
3.310000	 2.634972	 2.675763	 3.519124
3.330000	 2.639441	 2.687837	 3.496310
3.350000	 2.644660	 2.700455	 3.474546
3.370000	 2.650608	 2.713597	 3.453841
3.390000	 2.657266	 2.727244	 3.434200
3.410000	 2.664612	 2.741376	 3.415628
3.430000	 2.672626	 2.755973	 3.398131
3.450000	 2.681289	 2.771016	 3.381712
3.470000	 2.690579	 2.786484	 3.366374
3.490000	 2.700477	 2.802359	 3.352120
3.510000	 2.710962	 2.818619	 3.338951
3.530000	 2.722015	 2.835244	 3.326869
3.550000	 2.733614	 2.852212	 3.315873
3.570000	 2.745740	 2.869504	 3.305962
3.590000	 2.758373	 2.887098	 3.297135
3.610000	 2.771491	 2.904971	 3.289390
3.630000	 2.785074	 2.923102	 3.282725
3.650000	 2.799101	 2.941469	 3.277135
3.670000	 2.813551	 2.960047	 3.272615
3.690000	 2.828404	 2.978815	 3.269161
3.710000	 2.843637	 2.997748	 3.266767
3.730000	 2.859229	 3.016823	 3.265424
3.750000	 2.875158	 3.036015	 3.265127
3.770000	 2.891402	 3.055300	 3.265865
3.790000	 2.907939	 3.074652	 3.267629
3.810000	 2.924746	 3.094045	 3.270409
3.830000	 2.941799	 3.113454	 3.274192
3.850000	 2.959077	 3.132853	 3.278967
3.870000	 2.976554	 3.152216	 3.284720
3.890000	 2.994208	 3.171515	 3.291435
3.910000	 3.012014	 3.190723	 3.299098
3.930000	 3.029947	 3.209814	 3.307691
3.950000	 3.047984	 3.228760	 3.317196
3.970000	 3.066099	 3.247533	 3.327595
3.990000	 3.084267	 3.266107	 3.338866
4.010000	 3.102462	 3.284454	 3.350989
4.030000	 3.120660	 3.302546	 3.363940
4.050000	 3.138834	 3.320355	 3.377696
4.070000	 3.156958	 3.337855	 3.392231
4.090000	 3.175006	 3.355019	 3.407520
4.110000	 3.192953	 3.371820	 3.423535
4.130000	 3.210771	 3.388232	 3.440246
4.150000	 3.228436	 3.404229	 3.457625
4.170000	 3.245920	 3.419785	 3.475639
4.190000	 3.263199	 3.434876	 3.494256
4.210000	 3.280245	 3.449478	 3.513443
4.230000	 3.297034	 3.463567	 3.533166
4.250000	 3.313541	 3.477122	 3.553388
4.270000	 3.329739	 3.490120	 3.574074
4.290000	 3.345604	 3.502541	 3.595184
4.310000	 3.361113	 3.514366	 3.616682
4.330000	 3.376242	 3.525577	 3.638527
4.350000	 3.390967	 3.536155	 3.660680
4.370000	 3.405266	 3.546086	 3.683099
4.390000	 3.419117	 3.555356	 3.705743
4.410000	 3.432499	 3.563950	 3.728570
4.430000	 3.445392	 3.571859	 3.751538
4.450000	 3.457777	 3.579071	 3.774604
4.470000	 3.469636	 3.585579	 3.797725
4.490000	 3.480951	 3.591377	 3.820858
4.510000	 3.491706	 3.596458	 3.843960
4.530000	 3.501886	 3.600820	 3.866989
4.550000	 3.511477	 3.604461	 3.889900
4.570000	 3.520467	 3.607381	 3.912653
4.590000	 3.528845	 3.609584	 3.935205
4.610000	 3.536600	 3.611071	 3.957515
4.630000	 3.543724	 3.611849	 3.979542
4.650000	 3.550210	 3.611925	 4.001247
4.670000	 3.556053	 3.611308	 4.022590
4.690000	 3.561247	 3.610008	 4.043535
4.710000	 3.565791	 3.608037	 4.064044
4.730000	 3.569683	 3.605411	 4.084083
4.750000	 3.572923	 3.602142	 4.103617
4.770000	 3.575514	 3.598250	 4.122615
4.790000	 3.577458	 3.593751	 4.141044
4.810000	 3.578761	 3.588666	 4.158877
4.830000	 3.579428	 3.583015	 4.176086
4.850000	 3.579467	 3.576820	 4.192645
4.870000	 3.578888	 3.570103	 4.208530
4.890000	 3.577701	 3.562890	 4.223720
4.910000	 3.575917	 3.555205	 4.238195
4.930000	 3.573550	 3.547073	 4.251937
4.950000	 3.570613	 3.538521	 4.264929
4.970000	 3.567124	 3.529576	 4.277160
4.990000	 3.563097	 3.520264	 4.288616
5.010000	 3.558551	 3.510615	 4.299288
5.030000	 3.553504	 3.500655	 4.309169
5.050000	 3.547976	 3.490413	 4.318252
5.070000	 3.541987	 3.479917	 4.326535
5.090000	 3.535558	 3.469195	 4.334016
5.110000	 3.528711	 3.458276	 4.340695
5.130000	 3.521468	 3.447187	 4.346575
5.150000	 3.513852	 3.435956	 4.351659
5.170000	 3.505887	 3.424610	 4.355954
5.190000	 3.497596	 3.413176	 4.359466
5.210000	 3.489002	 3.401680	 4.362206
5.230000	 3.480131	 3.390148	 4.364185
5.250000	 3.471006	 3.378605	 4.365414
5.270000	 3.461651	 3.367075	 4.365907
5.290000	 3.452092	 3.355582	 4.365680
5.310000	 3.442351	 3.344148	 4.364748
5.330000	 3.432453	 3.332796	 4.363130
5.350000	 3.422422	 3.321547	 4.360844
5.370000	 3.412281	 3.310421	 4.357910
5.390000	 3.402053	 3.299438	 4.354347
5.410000	 3.391761	 3.288615	 4.350179
5.430000	 3.381427	 3.277970	 4.345426
5.450000	 3.371073	 3.267521	 4.340112
5.470000	 3.360721	 3.257281	 4.334259
5.490000	 3.350390	 3.247267	 4.327893
5.510000	 3.340101	 3.237492	 4.321036
5.530000	 3.329873	 3.227968	 4.313714
5.550000	 3.319725	 3.218707	 4.305951
5.570000	 3.309674	 3.209720	 4.297773
5.590000	 3.299739	 3.201018	 4.289205
5.610000	 3.289935	 3.192609	 4.280272
5.630000	 3.280279	 3.184501	 4.271000
5.650000	 3.270785	 3.176702	 4.261413
5.670000	 3.261468	 3.169219	 4.251537
5.690000	 3.252341	 3.162056	 4.241397
5.710000	 3.243417	 3.155220	 4.231017
5.730000	 3.234707	 3.148714	 4.220423
5.750000	 3.226224	 3.142542	 4.209638
5.770000	 3.217977	 3.136707	 4.198686
5.790000	 3.209976	 3.131210	 4.187591
5.810000	 3.202230	 3.126053	 4.176376
5.830000	 3.194746	 3.121237	 4.165064
5.850000	 3.187534	 3.116763	 4.153677
5.870000	 3.180598	 3.112629	 4.142237
5.890000	 3.173946	 3.108836	 4.130764
5.910000	 3.167582	 3.105381	 4.119281
5.930000	 3.161511	 3.102263	 4.107806
5.950000	 3.155738	 3.099479	 4.096361
5.970000	 3.150265	 3.097027	 4.084963
5.990000	 3.145096	 3.094903	 4.073631
6.010000	 3.140232	 3.093104	 4.062383
6.030000	 3.135676	 3.091625	 4.051237
6.050000	 3.131427	 3.090463	 4.040209
6.070000	 3.127488	 3.089612	 4.029316
6.090000	 3.123857	 3.089067	 4.018572
6.110000	 3.120535	 3.088823	 4.007993
6.130000	 3.117520	 3.088875	 3.997593
6.150000	 3.114811	 3.089215	 3.987385
6.170000	 3.112406	 3.089839	 3.977383
6.190000	 3.110302	 3.090738	 3.967599
6.210000	 3.108497	 3.091908	 3.958045
6.230000	 3.106989	 3.093340	 3.948731
6.250000	 3.105772	 3.095028	 3.939669
6.270000	 3.104844	 3.096964	 3.930868
6.290000	 3.104200	 3.099141	 3.922338
6.310000	 3.103836	 3.101550	 3.914088
6.330000	 3.103747	 3.104184	 3.906124
6.350000	 3.103927	 3.107035	 3.898456
6.370000	 3.104372	 3.110095	 3.891090
6.390000	 3.105075	 3.113355	 3.884032
6.410000	 3.106031	 3.116807	 3.877288
6.430000	 3.107234	 3.120442	 3.870864
6.450000	 3.108676	 3.124252	 3.864764
6.470000	 3.110352	 3.128227	 3.858991
6.490000	 3.112254	 3.132360	 3.853551
6.510000	 3.114376	 3.136640	 3.848445
6.530000	 3.116709	 3.141059	 3.843676
6.550000	 3.119248	 3.145608	 3.839246
6.570000	 3.121983	 3.150278	 3.835156
6.590000	 3.124909	 3.155059	 3.831408
6.610000	 3.128015	 3.159942	 3.828001
6.630000	 3.131296	 3.164919	 3.824936
6.650000	 3.134741	 3.169979	 3.822211
6.670000	 3.138344	 3.175114	 3.819827
6.690000	 3.142097	 3.180315	 3.817780
6.710000	 3.145989	 3.185572	 3.816069
6.730000	 3.150014	 3.190875	 3.814692
6.750000	 3.154162	 3.196217	 3.813645
6.770000	 3.158425	 3.201587	 3.812925
6.790000	 3.162795	 3.206977	 3.812529
6.810000	 3.167262	 3.212378	 3.812451
6.830000	 3.171818	 3.217781	 3.812686
6.850000	 3.176454	 3.223177	 3.813231
6.870000	 3.181162	 3.228557	 3.814079
6.890000	 3.185933	 3.233913	 3.815224
6.910000	 3.190758	 3.239236	 3.816660
6.930000	 3.195628	 3.244519	 3.818380
6.950000	 3.200535	 3.249753	 3.820377
6.970000	 3.205470	 3.254929	 3.822644
6.990000	 3.210425	 3.260041	 3.825173
7.010000	 3.215392	 3.265080	 3.827956
7.030000	 3.220361	 3.270039	 3.830984
7.050000	 3.225326	 3.274910	 3.834249
7.070000	 3.230276	 3.279688	 3.837742
7.090000	 3.235206	 3.284364	 3.841453
7.110000	 3.240106	 3.288933	 3.845374
7.130000	 3.244969	 3.293388	 3.849494
7.150000	 3.249787	 3.297723	 3.853804
7.170000	 3.254554	 3.301932	 3.858294
7.190000	 3.259261	 3.306010	 3.862952
7.210000	 3.263901	 3.309951	 3.867770
7.230000	 3.268468	 3.313751	 3.872736
7.250000	 3.272955	 3.317405	 3.877839
7.270000	 3.277355	 3.320908	 3.883069
7.290000	 3.281662	 3.324257	 3.888415
7.310000	 3.285871	 3.327448	 3.893866
7.330000	 3.289975	 3.330477	 3.899410
7.350000	 3.293968	 3.333341	 3.905038
7.370000	 3.297846	 3.336039	 3.910737
7.390000	 3.301603	 3.338567	 3.916497
7.410000	 3.305235	 3.340923	 3.922306
7.430000	 3.308737	 3.343106	 3.928155
7.450000	 3.312106	 3.345114	 3.934031
7.470000	 3.315336	 3.346946	 3.939924
7.490000	 3.318424	 3.348603	 3.945823
7.510000	 3.321368	 3.350082	 3.951718
7.530000	 3.324164	 3.351385	 3.957599
7.550000	 3.326809	 3.352512	 3.963454
7.570000	 3.329301	 3.353463	 3.969275
7.590000	 3.331638	 3.354240	 3.975050
7.610000	 3.333818	 3.354843	 3.980771
7.630000	 3.335840	 3.355275	 3.986428
7.650000	 3.337702	 3.355537	 3.992012
7.670000	 3.339404	 3.355632	 3.997513
7.690000	 3.340944	 3.355563	 4.002924
7.710000	 3.342324	 3.355331	 4.008236
7.730000	 3.343543	 3.354940	 4.013441
7.750000	 3.344601	 3.354394	 4.018531
7.770000	 3.345499	 3.353696	 4.023499
7.790000	 3.346237	 3.352850	 4.028337
7.810000	 3.346818	 3.351861	 4.033040
7.830000	 3.347243	 3.350731	 4.037601
7.850000	 3.347514	 3.349467	 4.042013
7.870000	 3.347631	 3.348072	 4.046272
7.890000	 3.347599	 3.346552	 4.050372
7.910000	 3.347420	 3.344912	 4.054309
7.930000	 3.347096	 3.343156	 4.058077
7.950000	 3.346630	 3.341290	 4.061673
7.970000	 3.346026	 3.339320	 4.065094
7.990000	 3.345287	 3.337251	 4.068336
8.010000	 3.344417	 3.335088	 4.071396
8.030000	 3.343420	 3.332838	 4.074271
8.050000	 3.342299	 3.330507	 4.076961
8.070000	 3.341060	 3.328100	 4.079463
8.090000	 3.339706	 3.325622	 4.081776
8.110000	 3.338242	 3.323081	 4.083900
8.130000	 3.336673	 3.320481	 4.085832
8.150000	 3.335003	 3.317830	 4.087575
8.170000	 3.333237	 3.315131	 4.089127
8.190000	 3.331381	 3.312393	 4.090490
8.210000	 3.329439	 3.309620	 4.091664
8.230000	 3.327417	 3.306818	 4.092651
8.250000	 3.325319	 3.303993	 4.093452
8.270000	 3.323151	 3.301151	 4.094070
8.290000	 3.320919	 3.298297	 4.094507
8.310000	 3.318627	 3.295436	 4.094764
8.330000	 3.316281	 3.292575	 4.094846
8.350000	 3.313886	 3.289718	 4.094755
8.370000	 3.311447	 3.286870	 4.094494
8.390000	 3.308971	 3.284037	 4.094068
8.410000	 3.306461	 3.281223	 4.093480
8.430000	 3.303924	 3.278434	 4.092735
8.450000	 3.301364	 3.275673	 4.091836
8.470000	 3.298786	 3.272945	 4.090788
8.490000	 3.296196	 3.270255	 4.089596
8.510000	 3.293599	 3.267607	 4.088265
8.530000	 3.290999	 3.265004	 4.086800
8.550000	 3.288401	 3.262450	 4.085206
8.570000	 3.285810	 3.259950	 4.083488
8.590000	 3.283230	 3.257506	 4.081653
8.610000	 3.280666	 3.255122	 4.079704
8.630000	 3.278122	 3.252801	 4.077649
8.650000	 3.275603	 3.250546	 4.075493
8.670000	 3.273112	 3.248359	 4.073241
8.690000	 3.270654	 3.246243	 4.070899
8.710000	 3.268231	 3.244201	 4.068474
8.730000	 3.265849	 3.242234	 4.065971
8.750000	 3.263510	 3.240345	 4.063397
8.770000	 3.261217	 3.238536	 4.060756
8.790000	 3.258975	 3.236808	 4.058056
8.810000	 3.256786	 3.235162	 4.055302
8.830000	 3.254652	 3.233601	 4.052500
8.850000	 3.252577	 3.232124	 4.049655
8.870000	 3.250563	 3.230734	 4.046774
8.890000	 3.248613	 3.229430	 4.043863
8.910000	 3.246728	 3.228214	 4.040927
8.930000	 3.244911	 3.227086	 4.037971
8.950000	 3.243165	 3.226045	 4.035002
8.970000	 3.241489	 3.225094	 4.032024
8.990000	 3.239887	 3.224230	 4.029044
9.010000	 3.238359	 3.223455	 4.026067
9.030000	 3.236908	 3.222767	 4.023096
9.050000	 3.235533	 3.222167	 4.020139
9.070000	 3.234236	 3.221653	 4.017199
9.090000	 3.233018	 3.221226	 4.014282
9.110000	 3.231879	 3.220884	 4.011391
9.130000	 3.230820	 3.220626	 4.008532
9.150000	 3.229842	 3.220451	 4.005709
9.170000	 3.228944	 3.220358	 4.002927
9.190000	 3.228126	 3.220345	 4.000188
9.210000	 3.227389	 3.220412	 3.997498
9.230000	 3.226732	 3.220556	 3.994860
9.250000	 3.226155	 3.220776	 3.992278
9.270000	 3.225657	 3.221070	 3.989754
9.290000	 3.225239	 3.221436	 3.987293
9.310000	 3.224898	 3.221873	 3.984898
9.330000	 3.224635	 3.222378	 3.982571
9.350000	 3.224448	 3.222949	 3.980315
9.370000	 3.224336	 3.223585	 3.978133
9.390000	 3.224299	 3.224282	 3.976027
9.410000	 3.224334	 3.225040	 3.974000
9.430000	 3.224441	 3.225854	 3.972054
9.450000	 3.224618	 3.226723	 3.970190
9.470000	 3.224863	 3.227645	 3.968410
9.490000	 3.225175	 3.228617	 3.966716
9.510000	 3.225552	 3.229636	 3.965110
9.530000	 3.225993	 3.230700	 3.963592
9.550000	 3.226494	 3.231807	 3.962163
9.570000	 3.227056	 3.232953	 3.960825
9.590000	 3.227675	 3.234136	 3.959578
9.610000	 3.228349	 3.235354	 3.958423
9.630000	 3.229076	 3.236603	 3.957360
9.650000	 3.229855	 3.237882	 3.956389
9.670000	 3.230682	 3.239186	 3.955510
9.690000	 3.231556	 3.240515	 3.954724
9.710000	 3.232474	 3.241865	 3.954030
9.730000	 3.233434	 3.243232	 3.953428
9.750000	 3.234434	 3.244616	 3.952916
9.770000	 3.235471	 3.246013	 3.952496
9.790000	 3.236543	 3.247420	 3.952164
9.810000	 3.237647	 3.248835	 3.951922
9.830000	 3.238780	 3.250255	 3.951767
9.850000	 3.239942	 3.251679	 3.951698
9.870000	 3.241128	 3.253102	 3.951714
9.890000	 3.242336	 3.254523	 3.951814
9.910000	 3.243565	 3.255940	 3.951996
9.930000	 3.244811	 3.257350	 3.952258
9.950000	 3.246073	 3.258750	 3.952598
9.970000	 3.247347	 3.260139	 3.953015
9.990000	 3.248631	 3.261514	 3.953507
10.010000	 3.249923	 3.262874	 3.954070
10.030000	 3.251221	 3.264215	 3.954704
10.050000	 3.252521	 3.265536	 3.955406
10.070000	 3.253823	 3.266835	 3.956173
10.090000	 3.255123	 3.268111	 3.957004
10.110000	 3.256420	 3.269361	 3.957895
10.130000	 3.257711	 3.270583	 3.958843
10.150000	 3.258994	 3.271776	 3.959848
10.170000	 3.260267	 3.272939	 3.960905
10.190000	 3.261528	 3.274069	 3.962012
10.210000	 3.262774	 3.275165	 3.963166
10.230000	 3.264005	 3.276227	 3.964365
10.250000	 3.265218	 3.277252	 3.965605
10.270000	 3.266411	 3.278240	 3.966884
10.290000	 3.267583	 3.279189	 3.968199
10.310000	 3.268732	 3.280099	 3.969547
10.330000	 3.269856	 3.280967	 3.970924
10.350000	 3.270953	 3.281795	 3.972329
10.370000	 3.272023	 3.282580	 3.973758
10.390000	 3.273064	 3.283323	 3.975208
10.410000	 3.274074	 3.284022	 3.976676
10.430000	 3.275053	 3.284677	 3.978160
10.450000	 3.275998	 3.285288	 3.979657
10.470000	 3.276910	 3.285854	 3.981163
10.490000	 3.277786	 3.286375	 3.982676
10.510000	 3.278627	 3.286851	 3.984194
10.530000	 3.279430	 3.287282	 3.985712
10.550000	 3.280196	 3.287668	 3.987230
10.570000	 3.280924	 3.288008	 3.988743
10.590000	 3.281612	 3.288304	 3.990250
10.610000	 3.282261	 3.288555	 3.991748
10.630000	 3.282870	 3.288761	 3.993234
10.650000	 3.283439	 3.288924	 3.994706
10.670000	 3.283966	 3.289043	 3.996162
10.690000	 3.284453	 3.289119	 3.997599
10.710000	 3.284899	 3.289153	 3.999015
10.730000	 3.285303	 3.289145	 4.000408
10.750000	 3.285666	 3.289096	 4.001776
10.770000	 3.285988	 3.289007	 4.003117
10.790000	 3.286269	 3.288879	 4.004428
10.810000	 3.286510	 3.288712	 4.005709
10.830000	 3.286709	 3.288508	 4.006958
10.850000	 3.286869	 3.288267	 4.008172
10.870000	 3.286988	 3.287991	 4.009350
10.890000	 3.287068	 3.287681	 4.010491
10.910000	 3.287110	 3.287337	 4.011593
10.930000	 3.287113	 3.286962	 4.012655
10.950000	 3.287079	 3.286556	 4.013677
10.970000	 3.287008	 3.286121	 4.014656
10.990000	 3.286901	 3.285658	 4.015591
11.010000	 3.286759	 3.285168	 4.016483
11.030000	 3.286583	 3.284652	 4.017330
11.050000	 3.286373	 3.284113	 4.018131
11.070000	 3.286130	 3.283550	 4.018885
11.090000	 3.285856	 3.282967	 4.019593
11.110000	 3.285552	 3.282363	 4.020254
11.130000	 3.285218	 3.281742	 4.020867
11.150000	 3.284856	 3.281103	 4.021432
11.170000	 3.284467	 3.280449	 4.021949
11.190000	 3.284052	 3.279780	 4.022418
11.210000	 3.283613	 3.279099	 4.022840
11.230000	 3.283149	 3.278407	 4.023213
11.250000	 3.282664	 3.277705	 4.023538
11.270000	 3.282158	 3.276995	 4.023816
11.290000	 3.281631	 3.276278	 4.024047
11.310000	 3.281087	 3.275555	 4.024231
11.330000	 3.280525	 3.274828	 4.024369
11.350000	 3.279947	 3.274099	 4.024461
11.370000	 3.279355	 3.273368	 4.024508
11.390000	 3.278750	 3.272637	 4.024511
11.410000	 3.278133	 3.271907	 4.024471
11.430000	 3.277505	 3.271180	 4.024388
11.450000	 3.276868	 3.270456	 4.024263
11.470000	 3.276223	 3.269737	 4.024098
11.490000	 3.275571	 3.269025	 4.023892
11.510000	 3.274914	 3.268320	 4.023649
11.530000	 3.274252	 3.267623	 4.023367
11.550000	 3.273588	 3.266936	 4.023050
11.570000	 3.272922	 3.266259	 4.022697
11.590000	 3.272255	 3.265594	 4.022310
11.610000	 3.271590	 3.264941	 4.021891
11.630000	 3.270926	 3.264302	 4.021441
11.650000	 3.270265	 3.263677	 4.020960
11.670000	 3.269609	 3.263067	 4.020452
11.690000	 3.268957	 3.262473	 4.019916
11.710000	 3.268312	 3.261896	 4.019354
11.730000	 3.267674	 3.261337	 4.018768
11.750000	 3.267045	 3.260796	 4.018160
11.770000	 3.266425	 3.260273	 4.017530
11.790000	 3.265815	 3.259770	 4.016881
11.810000	 3.265216	 3.259286	 4.016213
11.830000	 3.264629	 3.258823	 4.015529
11.850000	 3.264055	 3.258381	 4.014829
11.870000	 3.263495	 3.257960	 4.014115
11.890000	 3.262949	 3.257560	 4.013390
11.910000	 3.262418	 3.257183	 4.012653
11.930000	 3.261902	 3.256827	 4.011908
11.950000	 3.261403	 3.256494	 4.011155
11.970000	 3.260921	 3.256184	 4.010395
11.990000	 3.260456	 3.255896	 4.009630
12.010000	 3.260009	 3.255631	 4.008862
12.030000	 3.259581	 3.255389	 4.008093
12.050000	 3.259171	 3.255170	 4.007322
12.070000	 3.258781	 3.254973	 4.006552
12.090000	 3.258410	 3.254800	 4.005785
12.110000	 3.258059	 3.254649	 4.005020
12.130000	 3.257729	 3.254521	 4.004261
12.150000	 3.257418	 3.254415	 4.003507
12.170000	 3.257128	 3.254331	 4.002760
12.190000	 3.256859	 3.254269	 4.002022
12.210000	 3.256611	 3.254228	 4.001294
12.230000	 3.256383	 3.254209	 4.000575
12.250000	 3.256176	 3.254211	 3.999869
12.270000	 3.255990	 3.254234	 3.999175
12.290000	 3.255825	 3.254276	 3.998495
12.310000	 3.255681	 3.254339	 3.997830
12.330000	 3.255557	 3.254420	 3.997180
12.350000	 3.255454	 3.254521	 3.996546
12.370000	 3.255371	 3.254640	 3.995930
12.390000	 3.255308	 3.254776	 3.995331
12.410000	 3.255265	 3.254930	 3.994752
12.430000	 3.255241	 3.255100	 3.994191
12.450000	 3.255237	 3.255287	 3.993651
12.470000	 3.255252	 3.255489	 3.993131
12.490000	 3.255285	 3.255706	 3.992633
12.510000	 3.255336	 3.255936	 3.992156
12.530000	 3.255405	 3.256181	 3.991702
12.550000	 3.255491	 3.256438	 3.991269
12.570000	 3.255595	 3.256708	 3.990860
12.590000	 3.255714	 3.256989	 3.990474
12.610000	 3.255850	 3.257281	 3.990112
12.630000	 3.256001	 3.257582	 3.989773
12.650000	 3.256166	 3.257894	 3.989458
12.670000	 3.256346	 3.258214	 3.989167
12.690000	 3.256540	 3.258542	 3.988900
12.710000	 3.256747	 3.258877	 3.988657
12.730000	 3.256966	 3.259219	 3.988438
12.750000	 3.257197	 3.259567	 3.988243
12.770000	 3.257440	 3.259920	 3.988073
12.790000	 3.257693	 3.260277	 3.987926
12.810000	 3.257957	 3.260638	 3.987803
12.830000	 3.258230	 3.261002	 3.987704
12.850000	 3.258511	 3.261369	 3.987628
12.870000	 3.258801	 3.261737	 3.987574
12.890000	 3.259099	 3.262106	 3.987544
12.910000	 3.259403	 3.262476	 3.987536
12.930000	 3.259713	 3.262845	 3.987550
12.950000	 3.260029	 3.263213	 3.987585
12.970000	 3.260350	 3.263580	 3.987642
12.990000	 3.260675	 3.263944	 3.987719
13.010000	 3.261004	 3.264306	 3.987817
13.030000	 3.261335	 3.264664	 3.987934
13.050000	 3.261669	 3.265018	 3.988070
13.070000	 3.262005	 3.265368	 3.988225
13.090000	 3.262342	 3.265713	 3.988398
13.110000	 3.262679	 3.266052	 3.988588
13.130000	 3.263016	 3.266385	 3.988794
13.150000	 3.263353	 3.266712	 3.989017
13.170000	 3.263688	 3.267032	 3.989255
13.190000	 3.264021	 3.267344	 3.989508
13.210000	 3.264352	 3.267648	 3.989775
13.230000	 3.264680	 3.267944	 3.990055
13.250000	 3.265005	 3.268232	 3.990348
13.270000	 3.265326	 3.268511	 3.990652
13.290000	 3.265642	 3.268780	 3.990968
13.310000	 3.265953	 3.269039	 3.991294
13.330000	 3.266259	 3.269289	 3.991629
13.350000	 3.266559	 3.269528	 3.991974
13.370000	 3.266853	 3.269758	 3.992326
13.390000	 3.267140	 3.269976	 3.992686
13.410000	 3.267420	 3.270184	 3.993052
13.430000	 3.267692	 3.270380	 3.993424
13.450000	 3.267957	 3.270565	 3.993801
13.470000	 3.268214	 3.270740	 3.994182
13.490000	 3.268462	 3.270902	 3.994567
13.510000	 3.268702	 3.271053	 3.994955
13.530000	 3.268932	 3.271193	 3.995345
13.550000	 3.269153	 3.271321	 3.995736
13.570000	 3.269365	 3.271437	 3.996128
13.590000	 3.269568	 3.271542	 3.996519
13.610000	 3.269760	 3.271635	 3.996910
13.630000	 3.269942	 3.271716	 3.997300
13.650000	 3.270115	 3.271786	 3.997687
13.670000	 3.270276	 3.271845	 3.998072
13.690000	 3.270428	 3.271892	 3.998453
13.710000	 3.270569	 3.271928	 3.998831
13.730000	 3.270700	 3.271953	 3.999203
13.750000	 3.270819	 3.271966	 3.999571
13.770000	 3.270929	 3.271969	 3.999933
13.790000	 3.271027	 3.271962	 4.000289
13.810000	 3.271115	 3.271944	 4.000638
13.830000	 3.271193	 3.271916	 4.000979
13.850000	 3.271260	 3.271878	 4.001313
13.870000	 3.271316	 3.271830	 4.001639
13.890000	 3.271362	 3.271773	 4.001956
13.910000	 3.271398	 3.271706	 4.002264
13.930000	 3.271424	 3.271631	 4.002563
13.950000	 3.271439	 3.271547	 4.002852
13.970000	 3.271445	 3.271454	 4.003131
13.990000	 3.271441	 3.271354	 4.003399
14.010000	 3.271428	 3.271246	 4.003657
14.030000	 3.271405	 3.271131	 4.003903
14.050000	 3.271373	 3.271008	 4.004139
14.070000	 3.271332	 3.270879	 4.004363
14.090000	 3.271282	 3.270743	 4.004575
14.110000	 3.271224	 3.270602	 4.004776
14.130000	 3.271157	 3.270455	 4.004965
14.150000	 3.271083	 3.270302	 4.005141
14.170000	 3.271001	 3.270145	 4.005306
14.190000	 3.270912	 3.269983	 4.005458
14.210000	 3.270815	 3.269817	 4.005598
14.230000	 3.270712	 3.269647	 4.005725
14.250000	 3.270602	 3.269473	 4.005840
14.270000	 3.270486	 3.269297	 4.005943
14.290000	 3.270364	 3.269118	 4.006034
14.310000	 3.270237	 3.268936	 4.006112
14.330000	 3.270104	 3.268752	 4.006178
14.350000	 3.269966	 3.268567	 4.006233
14.370000	 3.269824	 3.268381	 4.006275
14.390000	 3.269678	 3.268193	 4.006305
14.410000	 3.269527	 3.268005	 4.006324
14.430000	 3.269373	 3.267817	 4.006331
14.450000	 3.269216	 3.267629	 4.006327
14.470000	 3.269056	 3.267441	 4.006312
14.490000	 3.268893	 3.267254	 4.006286
14.510000	 3.268728	 3.267068	 4.006250
14.530000	 3.268561	 3.266884	 4.006203
14.550000	 3.268393	 3.266701	 4.006146
14.570000	 3.268223	 3.266520	 4.006079
14.590000	 3.268052	 3.266341	 4.006003
14.610000	 3.267881	 3.266165	 4.005917
14.630000	 3.267709	 3.265992	 4.005822
14.650000	 3.267537	 3.265821	 4.005719
14.670000	 3.267366	 3.265654	 4.005608
14.690000	 3.267195	 3.265491	 4.005489
14.710000	 3.267025	 3.265331	 4.005362
14.730000	 3.266856	 3.265175	 4.005228
14.750000	 3.266689	 3.265024	 4.005087
14.770000	 3.266523	 3.264877	 4.004940
14.790000	 3.266360	 3.264734	 4.004786
14.810000	 3.266198	 3.264596	 4.004627
14.830000	 3.266039	 3.264463	 4.004463
14.850000	 3.265883	 3.264335	 4.004293
14.870000	 3.265730	 3.264212	 4.004119
14.890000	 3.265580	 3.264095	 4.003941
14.910000	 3.265433	 3.263982	 4.003759
14.930000	 3.265290	 3.263876	 4.003574
14.950000	 3.265150	 3.263775	 4.003385
14.970000	 3.265015	 3.263679	 4.003194
14.990000	 3.264883	 3.263590	 4.003001
15.010000	 3.264756	 3.263506	 4.002806
15.030000	 3.264633	 3.263428	 4.002609
15.050000	 3.264515	 3.263356	 4.002411
15.070000	 3.264402	 3.263289	 4.002213
15.090000	 3.264293	 3.263229	 4.002014
15.110000	 3.264189	 3.263174	 4.001815
15.130000	 3.264090	 3.263126	 4.001616
15.150000	 3.263996	 3.263083	 4.001418
15.170000	 3.263907	 3.263046	 4.001221
15.190000	 3.263824	 3.263015	 4.001025
15.210000	 3.263746	 3.262990	 4.000831
15.230000	 3.263673	 3.262971	 4.000639
15.250000	 3.263606	 3.262957	 4.000449
15.270000	 3.263543	 3.262948	 4.000262
15.290000	 3.263487	 3.262946	 4.000078
15.310000	 3.263435	 3.262948	 3.999896
15.330000	 3.263389	 3.262956	 3.999718
15.350000	 3.263349	 3.262969	 3.999544
15.370000	 3.263313	 3.262987	 3.999373
15.390000	 3.263284	 3.263010	 3.999207
15.410000	 3.263259	 3.263038	 3.999045
15.430000	 3.263239	 3.263071	 3.998888
15.450000	 3.263225	 3.263108	 3.998735
15.470000	 3.263216	 3.263149	 3.998587
15.490000	 3.263212	 3.263195	 3.998444
15.510000	 3.263213	 3.263245	 3.998307
15.530000	 3.263218	 3.263299	 3.998174
15.550000	 3.263229	 3.263356	 3.998048
15.570000	 3.263244	 3.263418	 3.997927
15.590000	 3.263264	 3.263482	 3.997812
15.610000	 3.263288	 3.263550	 3.997702
15.630000	 3.263316	 3.263621	 3.997599
15.650000	 3.263349	 3.263695	 3.997502
15.670000	 3.263385	 3.263772	 3.997410
15.690000	 3.263426	 3.263851	 3.997325
15.710000	 3.263470	 3.263932	 3.997246
15.730000	 3.263518	 3.264016	 3.997174
15.750000	 3.263570	 3.264102	 3.997107
15.770000	 3.263625	 3.264189	 3.997047
15.790000	 3.263683	 3.264278	 3.996993
15.810000	 3.263744	 3.264369	 3.996946
15.830000	 3.263808	 3.264460	 3.996904
15.850000	 3.263874	 3.264553	 3.996869
15.870000	 3.263944	 3.264647	 3.996840
15.890000	 3.264015	 3.264742	 3.996817
15.910000	 3.264089	 3.264837	 3.996799
15.930000	 3.264165	 3.264932	 3.996788
15.950000	 3.264242	 3.265027	 3.996783
15.970000	 3.264322	 3.265123	 3.996783
15.990000	 3.264403	 3.265218	 3.996789
16.010000	 3.264485	 3.265313	 3.996801
16.030000	 3.264568	 3.265408	 3.996818
16.050000	 3.264653	 3.265502	 3.996840
16.070000	 3.264738	 3.265595	 3.996868
16.090000	 3.264824	 3.265687	 3.996900
16.110000	 3.264911	 3.265778	 3.996938
16.130000	 3.264997	 3.265868	 3.996980
16.150000	 3.265085	 3.265956	 3.997026
16.170000	 3.265172	 3.266043	 3.997077
16.190000	 3.265259	 3.266129	 3.997133
16.210000	 3.265346	 3.266212	 3.997192
16.230000	 3.265432	 3.266294	 3.997255
16.250000	 3.265518	 3.266374	 3.997322
16.270000	 3.265603	 3.266451	 3.997393
16.290000	 3.265688	 3.266527	 3.997467
16.310000	 3.265771	 3.266600	 3.997544
16.330000	 3.265853	 3.266671	 3.997624
16.350000	 3.265934	 3.266739	 3.997706
16.370000	 3.266014	 3.266805	 3.997792
16.390000	 3.266092	 3.266868	 3.997879
16.410000	 3.266169	 3.266929	 3.997969
16.430000	 3.266244	 3.266987	 3.998061
16.450000	 3.266318	 3.267042	 3.998155
16.470000	 3.266389	 3.267094	 3.998250
16.490000	 3.266459	 3.267143	 3.998347
16.510000	 3.266526	 3.267190	 3.998445
16.530000	 3.266591	 3.267233	 3.998543
16.550000	 3.266654	 3.267274	 3.998643
16.570000	 3.266715	 3.267312	 3.998744
16.590000	 3.266774	 3.267346	 3.998844
16.610000	 3.266830	 3.267378	 3.998945
16.630000	 3.266883	 3.267407	 3.999047
16.650000	 3.266934	 3.267432	 3.999148
16.670000	 3.266983	 3.267455	 3.999248
16.690000	 3.267029	 3.267475	 3.999349
16.710000	 3.267072	 3.267491	 3.999448
16.730000	 3.267112	 3.267505	 3.999547
16.750000	 3.267150	 3.267516	 3.999645
16.770000	 3.267185	 3.267524	 3.999742
16.790000	 3.267218	 3.267529	 3.999838
16.810000	 3.267248	 3.267531	 3.999932
16.830000	 3.267275	 3.267531	 4.000025
16.850000	 3.267299	 3.267527	 4.000116
16.870000	 3.267320	 3.267522	 4.000205
16.890000	 3.267339	 3.267513	 4.000292
16.910000	 3.267355	 3.267502	 4.000377
16.930000	 3.267368	 3.267489	 4.000460
16.950000	 3.267379	 3.267473	 4.000541
16.970000	 3.267387	 3.267455	 4.000620
16.990000	 3.267393	 3.267434	 4.000696
17.010000	 3.267395	 3.267412	 4.000769
17.030000	 3.267396	 3.267387	 4.000840
17.050000	 3.267394	 3.267360	 4.000908
17.070000	 3.267389	 3.267331	 4.000973
17.090000	 3.267382	 3.267301	 4.001035
17.110000	 3.267373	 3.267268	 4.001095
17.130000	 3.267361	 3.267234	 4.001151
17.150000	 3.267347	 3.267199	 4.001205
17.170000	 3.267331	 3.267162	 4.001255
17.190000	 3.267313	 3.267123	 4.001302
17.210000	 3.267293	 3.267083	 4.001347
17.230000	 3.267271	 3.267042	 4.001388
17.250000	 3.267247	 3.267000	 4.001426
17.270000	 3.267222	 3.266956	 4.001460
17.290000	 3.267194	 3.266912	 4.001492
17.310000	 3.267165	 3.266867	 4.001520
17.330000	 3.267135	 3.266821	 4.001545
17.350000	 3.267103	 3.266775	 4.001567
17.370000	 3.267069	 3.266728	 4.001586
17.390000	 3.267034	 3.266680	 4.001602
17.410000	 3.266998	 3.266632	 4.001614
17.430000	 3.266961	 3.266584	 4.001624
17.450000	 3.266923	 3.266536	 4.001630
17.470000	 3.266884	 3.266487	 4.001634
17.490000	 3.266844	 3.266438	 4.001635
17.510000	 3.266803	 3.266390	 4.001632
17.530000	 3.266761	 3.266342	 4.001627
17.550000	 3.266719	 3.266293	 4.001619
17.570000	 3.266676	 3.266246	 4.001609
17.590000	 3.266633	 3.266198	 4.001596
17.610000	 3.266589	 3.266151	 4.001580
17.630000	 3.266545	 3.266105	 4.001561
17.650000	 3.266501	 3.266059	 4.001541
17.670000	 3.266457	 3.266014	 4.001518
17.690000	 3.266412	 3.265969	 4.001492
17.710000	 3.266368	 3.265926	 4.001465
17.730000	 3.266324	 3.265883	 4.001435
17.750000	 3.266280	 3.265841	 4.001404
17.770000	 3.266236	 3.265800	 4.001370
17.790000	 3.266193	 3.265761	 4.001335
17.810000	 3.266150	 3.265722	 4.001298
17.830000	 3.266107	 3.265684	 4.001259
17.850000	 3.266065	 3.265648	 4.001219
17.870000	 3.266024	 3.265613	 4.001177
17.890000	 3.265983	 3.265579	 4.001134
17.910000	 3.265943	 3.265547	 4.001090
17.930000	 3.265904	 3.265516	 4.001044
17.950000	 3.265865	 3.265486	 4.000998
17.970000	 3.265828	 3.265457	 4.000951
17.990000	 3.265791	 3.265430	 4.000902
18.010000	 3.265756	 3.265405	 4.000853
18.030000	 3.265721	 3.265381	 4.000804
18.050000	 3.265688	 3.265358	 4.000754
18.070000	 3.265655	 3.265337	 4.000703
18.090000	 3.265624	 3.265318	 4.000652
18.110000	 3.265594	 3.265300	 4.000601
18.130000	 3.265565	 3.265283	 4.000550
18.150000	 3.265538	 3.265268	 4.000498
18.170000	 3.265511	 3.265255	 4.000447
18.190000	 3.265486	 3.265243	 4.000396
18.210000	 3.265463	 3.265233	 4.000345
18.230000	 3.265440	 3.265224	 4.000294
18.250000	 3.265419	 3.265216	 4.000244
18.270000	 3.265400	 3.265211	 4.000194
18.290000	 3.265382	 3.265206	 4.000144
18.310000	 3.265365	 3.265203	 4.000096
18.330000	 3.265349	 3.265202	 4.000048
18.350000	 3.265335	 3.265201	 4.000000
18.370000	 3.265323	 3.265203	 3.999954
18.390000	 3.265311	 3.265205	 3.999908
18.410000	 3.265301	 3.265209	 3.999864
18.430000	 3.265293	 3.265214	 3.999820
18.450000	 3.265286	 3.265221	 3.999777
18.470000	 3.265280	 3.265229	 3.999736
18.490000	 3.265275	 3.265238	 3.999696
18.510000	 3.265272	 3.265248	 3.999657
18.530000	 3.265271	 3.265259	 3.999619
18.550000	 3.265270	 3.265271	 3.999583
18.570000	 3.265271	 3.265284	 3.999548
18.590000	 3.265273	 3.265299	 3.999515
18.610000	 3.265276	 3.265314	 3.999483
18.630000	 3.265280	 3.265330	 3.999452
18.650000	 3.265286	 3.265347	 3.999423
18.670000	 3.265293	 3.265365	 3.999395
18.690000	 3.265300	 3.265384	 3.999369
18.710000	 3.265309	 3.265403	 3.999345
18.730000	 3.265319	 3.265423	 3.999322
18.750000	 3.265330	 3.265444	 3.999301
18.770000	 3.265342	 3.265465	 3.999281
18.790000	 3.265355	 3.265487	 3.999263
18.810000	 3.265368	 3.265509	 3.999246
18.830000	 3.265383	 3.265532	 3.999231
18.850000	 3.265398	 3.265555	 3.999218
18.870000	 3.265414	 3.265579	 3.999207
18.890000	 3.265431	 3.265603	 3.999197
18.910000	 3.265449	 3.265627	 3.999188
18.930000	 3.265467	 3.265651	 3.999181
18.950000	 3.265486	 3.265676	 3.999176
18.970000	 3.265505	 3.265700	 3.999172
18.990000	 3.265525	 3.265725	 3.999170
19.010000	 3.265545	 3.265750	 3.999169
19.030000	 3.265566	 3.265774	 3.999170
19.050000	 3.265587	 3.265799	 3.999172
19.070000	 3.265608	 3.265823	 3.999176
19.090000	 3.265630	 3.265848	 3.999181
19.110000	 3.265652	 3.265872	 3.999187
19.130000	 3.265674	 3.265896	 3.999195
19.150000	 3.265696	 3.265919	 3.999204
19.170000	 3.265718	 3.265943	 3.999214
19.190000	 3.265741	 3.265966	 3.999225
19.210000	 3.265763	 3.265988	 3.999238
19.230000	 3.265786	 3.266011	 3.999252
19.250000	 3.265808	 3.266033	 3.999266
19.270000	 3.265831	 3.266054	 3.999282
19.290000	 3.265853	 3.266075	 3.999299
19.310000	 3.265875	 3.266095	 3.999317
19.330000	 3.265897	 3.266115	 3.999335
19.350000	 3.265919	 3.266134	 3.999355
19.370000	 3.265940	 3.266153	 3.999375
19.390000	 3.265961	 3.266171	 3.999396
19.410000	 3.265982	 3.266188	 3.999417
19.430000	 3.266002	 3.266205	 3.999440
19.450000	 3.266022	 3.266221	 3.999463
19.470000	 3.266042	 3.266236	 3.999486
19.490000	 3.266061	 3.266251	 3.999510
19.510000	 3.266080	 3.266265	 3.999534
19.530000	 3.266098	 3.266278	 3.999559
19.550000	 3.266116	 3.266290	 3.999584
19.570000	 3.266133	 3.266302	 3.999610
19.590000	 3.266150	 3.266313	 3.999635
19.610000	 3.266166	 3.266323	 3.999661
19.630000	 3.266181	 3.266333	 3.999687
19.650000	 3.266196	 3.266341	 3.999713
19.670000	 3.266210	 3.266349	 3.999739
19.690000	 3.266224	 3.266356	 3.999765
19.710000	 3.266237	 3.266362	 3.999791
19.730000	 3.266249	 3.266368	 3.999817
19.750000	 3.266260	 3.266373	 3.999843
19.770000	 3.266271	 3.266377	 3.999869
19.790000	 3.266281	 3.266380	 3.999894
19.810000	 3.266291	 3.266382	 3.999919
19.830000	 3.266300	 3.266384	 3.999944
19.850000	 3.266308	 3.266385	 3.999969
19.870000	 3.266315	 3.266385	 3.999993
19.890000	 3.266322	 3.266385	 4.000017
19.910000	 3.266328	 3.266384	 4.000040
19.930000	 3.266333	 3.266382	 4.000063
19.950000	 3.266337	 3.266379	 4.000085
19.970000	 3.266341	 3.266376	 4.000107
19.990000	 3.266344	 3.266373	 4.000128
20.010000	 3.266347	 3.266368	 4.000149
20.030000	 3.266349	 3.266363	 4.000169
20.050000	 3.266350	 3.266358	 4.000188
20.070000	 3.266350	 3.266352	 4.000207
20.090000	 3.266350	 3.266345	 4.000225
20.110000	 3.266349	 3.266338	 4.000242
20.130000	 3.266348	 3.266330	 4.000258
20.150000	 3.266346	 3.266322	 4.000274
20.170000	 3.266343	 3.266314	 4.000289
20.190000	 3.266340	 3.266305	 4.000303
20.210000	 3.266336	 3.266295	 4.000317
20.230000	 3.266332	 3.266285	 4.000329
20.250000	 3.266327	 3.266275	 4.000341
20.270000	 3.266321	 3.266265	 4.000352
20.290000	 3.266315	 3.266254	 4.000363
20.310000	 3.266309	 3.266243	 4.000372
20.330000	 3.266302	 3.266232	 4.000381
20.350000	 3.266295	 3.266220	 4.000388
20.370000	 3.266287	 3.266209	 4.000395
20.390000	 3.266279	 3.266197	 4.000402
20.410000	 3.266271	 3.266185	 4.000407
20.430000	 3.266262	 3.266172	 4.000411
20.450000	 3.266253	 3.266160	 4.000415
20.470000	 3.266243	 3.266148	 4.000418
20.490000	 3.266234	 3.266135	 4.000420
20.510000	 3.266224	 3.266123	 4.000421
20.530000	 3.266214	 3.266110	 4.000422
20.550000	 3.266203	 3.266098	 4.000422
20.570000	 3.266192	 3.266085	 4.000421
20.590000	 3.266182	 3.266073	 4.000419
20.610000	 3.266171	 3.266060	 4.000417
20.630000	 3.266160	 3.266048	 4.000414
20.650000	 3.266148	 3.266036	 4.000410
20.670000	 3.266137	 3.266024	 4.000406
20.690000	 3.266126	 3.266012	 4.000401
20.710000	 3.266114	 3.266000	 4.000395
20.730000	 3.266103	 3.265988	 4.000389
20.750000	 3.266091	 3.265977	 4.000382
20.770000	 3.266080	 3.265966	 4.000375
20.790000	 3.266069	 3.265955	 4.000367
20.810000	 3.266057	 3.265944	 4.000359
20.830000	 3.266046	 3.265934	 4.000350
20.850000	 3.266035	 3.265924	 4.000341
20.870000	 3.266024	 3.265914	 4.000331
20.890000	 3.266013	 3.265904	 4.000321
20.910000	 3.266002	 3.265895	 4.000310
20.930000	 3.265991	 3.265886	 4.000299
20.950000	 3.265981	 3.265878	 4.000288
20.970000	 3.265971	 3.265869	 4.000276
20.990000	 3.265961	 3.265861	 4.000265
21.010000	 3.265951	 3.265854	 4.000252
21.030000	 3.265941	 3.265847	 4.000240
21.050000	 3.265932	 3.265840	 4.000228
21.070000	 3.265923	 3.265834	 4.000215
21.090000	 3.265914	 3.265827	 4.000202
21.110000	 3.265906	 3.265822	 4.000189
21.130000	 3.265897	 3.265817	 4.000176
21.150000	 3.265889	 3.265812	 4.000163
21.170000	 3.265882	 3.265807	 4.000150
21.190000	 3.265875	 3.265803	 4.000136
21.210000	 3.265868	 3.265799	 4.000123
21.230000	 3.265861	 3.265796	 4.000110
21.250000	 3.265855	 3.265793	 4.000097
21.270000	 3.265849	 3.265791	 4.000083
21.290000	 3.265843	 3.265789	 4.000070
21.310000	 3.265838	 3.265787	 4.000057
21.330000	 3.265833	 3.265785	 4.000045
21.350000	 3.265828	 3.265785	 4.000032
21.370000	 3.265824	 3.265784	 4.000019
21.390000	 3.265820	 3.265784	 4.000007
21.410000	 3.265817	 3.265784	 3.999995
21.430000	 3.265814	 3.265784	 3.999983
21.450000	 3.265811	 3.265785	 3.999971
21.470000	 3.265809	 3.265786	 3.999960
21.490000	 3.265806	 3.265788	 3.999949
21.510000	 3.265805	 3.265790	 3.999938
21.530000	 3.265803	 3.265792	 3.999927
21.550000	 3.265802	 3.265794	 3.999917
21.570000	 3.265802	 3.265797	 3.999907
21.590000	 3.265801	 3.265800	 3.999898
21.610000	 3.265801	 3.265803	 3.999888
21.630000	 3.265802	 3.265807	 3.999880
21.650000	 3.265802	 3.265810	 3.999871
21.670000	 3.265803	 3.265815	 3.999863
21.690000	 3.265805	 3.265819	 3.999855
21.710000	 3.265806	 3.265823	 3.999848
21.730000	 3.265808	 3.265828	 3.999841
21.750000	 3.265810	 3.265833	 3.999834
21.770000	 3.265813	 3.265838	 3.999828
21.790000	 3.265815	 3.265843	 3.999822
21.810000	 3.265818	 3.265849	 3.999817
21.830000	 3.265821	 3.265854	 3.999812
21.850000	 3.265825	 3.265860	 3.999808
21.870000	 3.265828	 3.265866	 3.999804
21.890000	 3.265832	 3.265872	 3.999800
21.910000	 3.265836	 3.265878	 3.999797
21.930000	 3.265841	 3.265884	 3.999794
21.950000	 3.265845	 3.265890	 3.999792
21.970000	 3.265850	 3.265896	 3.999790
21.990000	 3.265854	 3.265903	 3.999788
22.010000	 3.265859	 3.265909	 3.999787
22.030000	 3.265864	 3.265915	 3.999786
22.050000	 3.265869	 3.265922	 3.999786
22.070000	 3.265875	 3.265928	 3.999786
22.090000	 3.265880	 3.265934	 3.999786
22.110000	 3.265886	 3.265941	 3.999787
22.130000	 3.265891	 3.265947	 3.999788
22.150000	 3.265897	 3.265953	 3.999789
22.170000	 3.265902	 3.265959	 3.999791
22.190000	 3.265908	 3.265966	 3.999793
22.210000	 3.265914	 3.265972	 3.999796
22.230000	 3.265920	 3.265978	 3.999798
22.250000	 3.265925	 3.265984	 3.999801
22.270000	 3.265931	 3.265989	 3.999805
22.290000	 3.265937	 3.265995	 3.999808
22.310000	 3.265943	 3.266001	 3.999812
22.330000	 3.265949	 3.266006	 3.999816
22.350000	 3.265954	 3.266011	 3.999821
22.370000	 3.265960	 3.266017	 3.999826
22.390000	 3.265966	 3.266022	 3.999830
22.410000	 3.265971	 3.266027	 3.999836
22.430000	 3.265977	 3.266031	 3.999841
22.450000	 3.265982	 3.266036	 3.999846
22.470000	 3.265988	 3.266040	 3.999852
22.490000	 3.265993	 3.266045	 3.999858
22.510000	 3.265998	 3.266049	 3.999864
22.530000	 3.266003	 3.266053	 3.999870
22.550000	 3.266008	 3.266056	 3.999876
22.570000	 3.266013	 3.266060	 3.999883
22.590000	 3.266017	 3.266063	 3.999889
22.610000	 3.266022	 3.266066	 3.999895
22.630000	 3.266026	 3.266069	 3.999902
22.650000	 3.266030	 3.266072	 3.999909
22.670000	 3.266034	 3.266074	 3.999915
22.690000	 3.266038	 3.266077	 3.999922
22.710000	 3.266042	 3.266079	 3.999929
22.730000	 3.266046	 3.266081	 3.999936
22.750000	 3.266049	 3.266083	 3.999942
22.770000	 3.266052	 3.266084	 3.999949
22.790000	 3.266055	 3.266085	 3.999956
22.810000	 3.266058	 3.266087	 3.999962
22.830000	 3.266061	 3.266087	 3.999969
22.850000	 3.266064	 3.266088	 3.999976
22.870000	 3.266066	 3.266089	 3.999982
22.890000	 3.266068	 3.266089	 3.999988
22.910000	 3.266070	 3.266089	 3.999995
22.930000	 3.266072	 3.266089	 4.000001
22.950000	 3.266074	 3.266089	 4.000007
22.970000	 3.266075	 3.266089	 4.000013
22.990000	 3.266076	 3.266088	 4.000019
23.010000	 3.266077	 3.266087	 4.000024
23.030000	 3.266078	 3.266087	 4.000030
23.050000	 3.266079	 3.266086	 4.000035
23.070000	 3.266080	 3.266084	 4.000041
23.090000	 3.266080	 3.266083	 4.000046
23.110000	 3.266080	 3.266082	 4.000051
23.130000	 3.266080	 3.266080	 4.000055
23.150000	 3.266080	 3.266078	 4.000060
23.170000	 3.266080	 3.266076	 4.000064
23.190000	 3.266079	 3.266074	 4.000068
23.210000	 3.266079	 3.266072	 4.000072
23.230000	 3.266078	 3.266070	 4.000076
23.250000	 3.266077	 3.266067	 4.000080
23.270000	 3.266076	 3.266065	 4.000083
23.290000	 3.266075	 3.266062	 4.000086
23.310000	 3.266074	 3.266060	 4.000089
23.330000	 3.266072	 3.266057	 4.000092
23.350000	 3.266071	 3.266054	 4.000095
23.370000	 3.266069	 3.266051	 4.000097
23.390000	 3.266067	 3.266048	 4.000099
23.410000	 3.266065	 3.266045	 4.000101
23.430000	 3.266063	 3.266042	 4.000103
23.450000	 3.266061	 3.266039	 4.000104
23.470000	 3.266059	 3.266036	 4.000106
23.490000	 3.266057	 3.266033	 4.000107
23.510000	 3.266054	 3.266030	 4.000108
23.530000	 3.266052	 3.266027	 4.000108
23.550000	 3.266049	 3.266023	 4.000109
23.570000	 3.266046	 3.266020	 4.000109
23.590000	 3.266044	 3.266017	 4.000109
23.610000	 3.266041	 3.266014	 4.000109
23.630000	 3.266038	 3.266010	 4.000109
23.650000	 3.266036	 3.266007	 4.000108
23.670000	 3.266033	 3.266004	 4.000107
23.690000	 3.266030	 3.266001	 4.000106
23.710000	 3.266027	 3.265998	 4.000105
23.730000	 3.266024	 3.265995	 4.000104
23.750000	 3.266021	 3.265992	 4.000103
23.770000	 3.266018	 3.265989	 4.000101
23.790000	 3.266015	 3.265986	 4.000100
23.810000	 3.266012	 3.265983	 4.000098
23.830000	 3.266009	 3.265980	 4.000096
23.850000	 3.266006	 3.265977	 4.000094
23.870000	 3.266003	 3.265974	 4.000092
23.890000	 3.266000	 3.265972	 4.000089
23.910000	 3.265998	 3.265969	 4.000087
23.930000	 3.265995	 3.265967	 4.000084
23.950000	 3.265992	 3.265964	 4.000082
23.970000	 3.265989	 3.265962	 4.000079
23.990000	 3.265986	 3.265959	 4.000076
24.010000	 3.265984	 3.265957	 4.000073
24.030000	 3.265981	 3.265955	 4.000070
24.050000	 3.265979	 3.265953	 4.000067
24.070000	 3.265976	 3.265951	 4.000064
24.090000	 3.265974	 3.265950	 4.000061
24.110000	 3.265971	 3.265948	 4.000057
24.130000	 3.265969	 3.265946	 4.000054
24.150000	 3.265967	 3.265945	 4.000051
24.170000	 3.265965	 3.265943	 4.000047
24.190000	 3.265962	 3.265942	 4.000044
24.210000	 3.265960	 3.265941	 4.000041
24.230000	 3.265959	 3.265940	 4.000037
24.250000	 3.265957	 3.265939	 4.000034
24.270000	 3.265955	 3.265938	 4.000030
24.290000	 3.265953	 3.265937	 4.000027
24.310000	 3.265952	 3.265936	 4.000023
24.330000	 3.265950	 3.265936	 4.000020
24.350000	 3.265949	 3.265935	 4.000017
24.370000	 3.265947	 3.265935	 4.000013
24.390000	 3.265946	 3.265934	 4.000010
24.410000	 3.265945	 3.265934	 4.000007
24.430000	 3.265944	 3.265934	 4.000004
24.450000	 3.265943	 3.265934	 4.000000
24.470000	 3.265942	 3.265934	 3.999997
24.490000	 3.265941	 3.265934	 3.999994
24.510000	 3.265941	 3.265934	 3.999991
24.530000	 3.265940	 3.265935	 3.999988
24.550000	 3.265940	 3.265935	 3.999986
24.570000	 3.265939	 3.265936	 3.999983
24.590000	 3.265939	 3.265936	 3.999980
24.610000	 3.265939	 3.265937	 3.999977
24.630000	 3.265939	 3.265938	 3.999975
24.650000	 3.265939	 3.265939	 3.999973
24.670000	 3.265939	 3.265939	 3.999970
24.690000	 3.265939	 3.265940	 3.999968
24.710000	 3.265939	 3.265941	 3.999966
24.730000	 3.265939	 3.265942	 3.999964
24.750000	 3.265940	 3.265944	 3.999962
24.770000	 3.265940	 3.265945	 3.999960
24.790000	 3.265941	 3.265946	 3.999958
24.810000	 3.265941	 3.265947	 3.999957
24.830000	 3.265942	 3.265949	 3.999955
24.850000	 3.265942	 3.265950	 3.999954
24.870000	 3.265943	 3.265951	 3.999952
24.890000	 3.265944	 3.265953	 3.999951
24.910000	 3.265945	 3.265954	 3.999950
24.930000	 3.265946	 3.265956	 3.999949
24.950000	 3.265947	 3.265957	 3.999948
24.970000	 3.265948	 3.265959	 3.999947
24.990000	 3.265949	 3.265961	 3.999947
25.010000	 3.265950	 3.265962	 3.999946
25.030000	 3.265952	 3.265964	 3.999945
25.050000	 3.265953	 3.265965	 3.999945
25.070000	 3.265954	 3.265967	 3.999945
25.090000	 3.265955	 3.265969	 3.999945
25.110000	 3.265957	 3.265970	 3.999945
25.130000	 3.265958	 3.265972	 3.999945
25.150000	 3.265959	 3.265974	 3.999945
25.170000	 3.265961	 3.265975	 3.999945
25.190000	 3.265962	 3.265977	 3.999945
25.210000	 3.265964	 3.265978	 3.999946
25.230000	 3.265965	 3.265980	 3.999946
25.250000	 3.265967	 3.265982	 3.999947
25.270000	 3.265968	 3.265983	 3.999948
25.290000	 3.265970	 3.265985	 3.999948
25.310000	 3.265971	 3.265986	 3.999949
25.330000	 3.265973	 3.265988	 3.999950
25.350000	 3.265974	 3.265989	 3.999951
25.370000	 3.265976	 3.265991	 3.999952
25.390000	 3.265977	 3.265992	 3.999953
25.410000	 3.265979	 3.265993	 3.999954
25.430000	 3.265980	 3.265995	 3.999956
25.450000	 3.265982	 3.265996	 3.999957
25.470000	 3.265983	 3.265997	 3.999958
25.490000	 3.265984	 3.265998	 3.999960
25.510000	 3.265986	 3.266000	 3.999961
25.530000	 3.265987	 3.266001	 3.999962
25.550000	 3.265989	 3.266002	 3.999964
25.570000	 3.265990	 3.266003	 3.999966
25.590000	 3.265991	 3.266004	 3.999967
25.610000	 3.265992	 3.266005	 3.999969
25.630000	 3.265994	 3.266006	 3.999970
25.650000	 3.265995	 3.266006	 3.999972
25.670000	 3.265996	 3.266007	 3.999974
25.690000	 3.265997	 3.266008	 3.999975
25.710000	 3.265998	 3.266009	 3.999977
25.730000	 3.265999	 3.266009	 3.999979
25.750000	 3.266000	 3.266010	 3.999981
25.770000	 3.266001	 3.266010	 3.999982
25.790000	 3.266002	 3.266011	 3.999984
25.810000	 3.266003	 3.266011	 3.999986
25.830000	 3.266004	 3.266012	 3.999988
25.850000	 3.266004	 3.266012	 3.999989
25.870000	 3.266005	 3.266012	 3.999991
25.890000	 3.266006	 3.266013	 3.999993
25.910000	 3.266007	 3.266013	 3.999994
25.930000	 3.266007	 3.266013	 3.999996
25.950000	 3.266008	 3.266013	 3.999998
25.970000	 3.266008	 3.266013	 3.999999
25.990000	 3.266009	 3.266013	 4.000001
26.010000	 3.266009	 3.266013	 4.000002
26.030000	 3.266009	 3.266013	 4.000004
26.050000	 3.266010	 3.266013	 4.000005
26.070000	 3.266010	 3.266012	 4.000007
26.090000	 3.266010	 3.266012	 4.000008
26.110000	 3.266010	 3.266012	 4.000010
26.130000	 3.266010	 3.266011	 4.000011
26.150000	 3.266011	 3.266011	 4.000012
26.170000	 3.266011	 3.266011	 4.000014
26.190000	 3.266011	 3.266010	 4.000015
26.210000	 3.266011	 3.266010	 4.000016
26.230000	 3.266010	 3.266009	 4.000017
26.250000	 3.266010	 3.266009	 4.000018
26.270000	 3.266010	 3.266008	 4.000019
26.290000	 3.266010	 3.266008	 4.000020
26.310000	 3.266010	 3.266007	 4.000021
26.330000	 3.266009	 3.266006	 4.000022
26.350000	 3.266009	 3.266006	 4.000023
26.370000	 3.266009	 3.266005	 4.000023
26.390000	 3.266008	 3.266004	 4.000024
26.410000	 3.266008	 3.266004	 4.000025
26.430000	 3.266007	 3.266003	 4.000025
26.450000	 3.266007	 3.266002	 4.000026
26.470000	 3.266006	 3.266001	 4.000026
26.490000	 3.266006	 3.266000	 4.000027
26.510000	 3.266005	 3.266000	 4.000027
26.530000	 3.266005	 3.265999	 4.000027
26.550000	 3.266004	 3.265998	 4.000028
26.570000	 3.266004	 3.265997	 4.000028
26.590000	 3.266003	 3.265996	 4.000028
26.610000	 3.266002	 3.265996	 4.000028
26.630000	 3.266002	 3.265995	 4.000028
26.650000	 3.266001	 3.265994	 4.000028
26.670000	 3.266000	 3.265993	 4.000028
26.690000	 3.265999	 3.265992	 4.000028
26.710000	 3.265999	 3.265991	 4.000028
26.730000	 3.265998	 3.265991	 4.000028
26.750000	 3.265997	 3.265990	 4.000027
26.770000	 3.265996	 3.265989	 4.000027
26.790000	 3.265996	 3.265988	 4.000027
26.810000	 3.265995	 3.265987	 4.000026
26.830000	 3.265994	 3.265987	 4.000026
26.850000	 3.265993	 3.265986	 4.000026
26.870000	 3.265993	 3.265985	 4.000025
26.890000	 3.265992	 3.265984	 4.000025
26.910000	 3.265991	 3.265984	 4.000024
26.930000	 3.265990	 3.265983	 4.000023
26.950000	 3.265990	 3.265982	 4.000023
26.970000	 3.265989	 3.265982	 4.000022
26.990000	 3.265988	 3.265981	 4.000021
27.010000	 3.265987	 3.265980	 4.000021
27.030000	 3.265987	 3.265980	 4.000020
27.050000	 3.265986	 3.265979	 4.000019
27.070000	 3.265985	 3.265979	 4.000019
27.090000	 3.265985	 3.265978	 4.000018
27.110000	 3.265984	 3.265978	 4.000017
27.130000	 3.265983	 3.265977	 4.000016
27.150000	 3.265983	 3.265977	 4.000015
27.170000	 3.265982	 3.265976	 4.000014
27.190000	 3.265982	 3.265976	 4.000014
27.210000	 3.265981	 3.265975	 4.000013
27.230000	 3.265980	 3.265975	 4.000012
27.250000	 3.265980	 3.265975	 4.000011
27.270000	 3.265979	 3.265974	 4.000010
27.290000	 3.265979	 3.265974	 4.000009
27.310000	 3.265978	 3.265974	 4.000008
27.330000	 3.265978	 3.265974	 4.000007
27.350000	 3.265978	 3.265973	 4.000007
27.370000	 3.265977	 3.265973	 4.000006
27.390000	 3.265977	 3.265973	 4.000005
27.410000	 3.265976	 3.265973	 4.000004
27.430000	 3.265976	 3.265973	 4.000003
27.450000	 3.265976	 3.265973	 4.000002
27.470000	 3.265976	 3.265973	 4.000001
27.490000	 3.265975	 3.265973	 4.000001
27.510000	 3.265975	 3.265973	 4.000000
27.530000	 3.265975	 3.265973	 3.999999
27.550000	 3.265975	 3.265973	 3.999998
27.570000	 3.265974	 3.265973	 3.999997
27.590000	 3.265974	 3.265973	 3.999997
27.610000	 3.265974	 3.265973	 3.999996
27.630000	 3.265974	 3.265973	 3.999995
27.650000	 3.265974	 3.265973	 3.999995
27.670000	 3.265974	 3.265974	 3.999994
27.690000	 3.265974	 3.265974	 3.999993
27.710000	 3.265974	 3.265974	 3.999993
27.730000	 3.265974	 3.265974	 3.999992
27.750000	 3.265974	 3.265975	 3.999991
27.770000	 3.265974	 3.265975	 3.999991
27.790000	 3.265974	 3.265975	 3.999990
27.810000	 3.265974	 3.265975	 3.999990
27.830000	 3.265974	 3.265976	 3.999989
27.850000	 3.265975	 3.265976	 3.999989
27.870000	 3.265975	 3.265976	 3.999989
27.890000	 3.265975	 3.265977	 3.999988
27.910000	 3.265975	 3.265977	 3.999988
27.930000	 3.265975	 3.265977	 3.999988
27.950000	 3.265976	 3.265978	 3.999987
27.970000	 3.265976	 3.265978	 3.999987
27.990000	 3.265976	 3.265979	 3.999987
28.010000	 3.265976	 3.265979	 3.999986
28.030000	 3.265977	 3.265979	 3.999986
28.050000	 3.265977	 3.265980	 3.999986
28.070000	 3.265977	 3.265980	 3.999986
28.090000	 3.265977	 3.265981	 3.999986
28.110000	 3.265978	 3.265981	 3.999986
28.130000	 3.265978	 3.265982	 3.999986
28.150000	 3.265978	 3.265982	 3.999986
28.170000	 3.265979	 3.265982	 3.999986
28.190000	 3.265979	 3.265983	 3.999986
28.210000	 3.265980	 3.265983	 3.999986
28.230000	 3.265980	 3.265984	 3.999986
28.250000	 3.265980	 3.265984	 3.999986
28.270000	 3.265981	 3.265984	 3.999986
28.290000	 3.265981	 3.265985	 3.999986
28.310000	 3.265981	 3.265985	 3.999986
28.330000	 3.265982	 3.265986	 3.999987
28.350000	 3.265982	 3.265986	 3.999987
28.370000	 3.265983	 3.265986	 3.999987
28.390000	 3.265983	 3.265987	 3.999987
28.410000	 3.265983	 3.265987	 3.999987
28.430000	 3.265984	 3.265988	 3.999988
28.450000	 3.265984	 3.265988	 3.999988
28.470000	 3.265985	 3.265988	 3.999988
28.490000	 3.265985	 3.265989	 3.999989
28.510000	 3.265985	 3.265989	 3.999989
28.530000	 3.265986	 3.265989	 3.999989
28.550000	 3.265986	 3.265990	 3.999990
28.570000	 3.265986	 3.265990	 3.999990
28.590000	 3.265987	 3.265990	 3.999990
28.610000	 3.265987	 3.265990	 3.999991
28.630000	 3.265987	 3.265991	 3.999991
28.650000	 3.265988	 3.265991	 3.999992
28.670000	 3.265988	 3.265991	 3.999992
28.690000	 3.265988	 3.265991	 3.999993
28.710000	 3.265989	 3.265992	 3.999993
28.730000	 3.265989	 3.265992	 3.999993
28.750000	 3.265989	 3.265992	 3.999994
28.770000	 3.265989	 3.265992	 3.999994
28.790000	 3.265990	 3.265992	 3.999995
28.810000	 3.265990	 3.265992	 3.999995
28.830000	 3.265990	 3.265993	 3.999996
28.850000	 3.265990	 3.265993	 3.999996
28.870000	 3.265991	 3.265993	 3.999997
28.890000	 3.265991	 3.265993	 3.999997
28.910000	 3.265991	 3.265993	 3.999997
28.930000	 3.265991	 3.265993	 3.999998
28.950000	 3.265991	 3.265993	 3.999998
28.970000	 3.265992	 3.265993	 3.999999
28.990000	 3.265992	 3.265993	 3.999999
29.010000	 3.265992	 3.265993	 4.000000
29.030000	 3.265992	 3.265993	 4.000000
29.050000	 3.265992	 3.265993	 4.000000
29.070000	 3.265992	 3.265993	 4.000001
29.090000	 3.265992	 3.265993	 4.000001
29.110000	 3.265992	 3.265993	 4.000002
29.130000	 3.265992	 3.265993	 4.000002
29.150000	 3.265993	 3.265993	 4.000002
29.170000	 3.265993	 3.265993	 4.000003
29.190000	 3.265993	 3.265993	 4.000003
29.210000	 3.265993	 3.265993	 4.000003
29.230000	 3.265993	 3.265993	 4.000004
29.250000	 3.265993	 3.265992	 4.000004
29.270000	 3.265993	 3.265992	 4.000004
29.290000	 3.265993	 3.265992	 4.000005
29.310000	 3.265992	 3.265992	 4.000005
29.330000	 3.265992	 3.265992	 4.000005
29.350000	 3.265992	 3.265992	 4.000005
29.370000	 3.265992	 3.265992	 4.000006
29.390000	 3.265992	 3.265991	 4.000006
29.410000	 3.265992	 3.265991	 4.000006
29.430000	 3.265992	 3.265991	 4.000006
29.450000	 3.265992	 3.265991	 4.000006
29.470000	 3.265992	 3.265991	 4.000006
29.490000	 3.265992	 3.265990	 4.000007
29.510000	 3.265992	 3.265990	 4.000007
29.530000	 3.265991	 3.265990	 4.000007
29.550000	 3.265991	 3.265990	 4.000007
29.570000	 3.265991	 3.265990	 4.000007
29.590000	 3.265991	 3.265989	 4.000007
29.610000	 3.265991	 3.265989	 4.000007
29.630000	 3.265991	 3.265989	 4.000007
29.650000	 3.265991	 3.265989	 4.000007
29.670000	 3.265990	 3.265989	 4.000007
29.690000	 3.265990	 3.265988	 4.000007
29.710000	 3.265990	 3.265988	 4.000007
29.730000	 3.265990	 3.265988	 4.000007
29.750000	 3.265990	 3.265988	 4.000007
29.770000	 3.265989	 3.265988	 4.000007
29.790000	 3.265989	 3.265987	 4.000007
29.810000	 3.265989	 3.265987	 4.000007
29.830000	 3.265989	 3.265987	 4.000007
29.850000	 3.265989	 3.265987	 4.000007
29.870000	 3.265988	 3.265987	 4.000007
29.890000	 3.265988	 3.265986	 4.000007
29.910000	 3.265988	 3.265986	 4.000007
29.930000	 3.265988	 3.265986	 4.000006
29.950000	 3.265988	 3.265986	 4.000006
29.970000	 3.265987	 3.265986	 4.000006
29.990000	 3.265987	 3.265985	 4.000006
30.010000	 3.265987	 3.265985	 4.000006
30.030000	 3.265987	 3.265985	 4.000006
30.050000	 3.265987	 3.265985	 4.000005
30.070000	 3.265987	 3.265985	 4.000005
30.090000	 3.265986	 3.265985	 4.000005
30.110000	 3.265986	 3.265984	 4.000005
30.130000	 3.265986	 3.265984	 4.000005
30.150000	 3.265986	 3.265984	 4.000004
30.170000	 3.265986	 3.265984	 4.000004
30.190000	 3.265986	 3.265984	 4.000004
30.210000	 3.265985	 3.265984	 4.000004
30.230000	 3.265985	 3.265984	 4.000004
30.250000	 3.265985	 3.265984	 4.000003
30.270000	 3.265985	 3.265983	 4.000003
30.290000	 3.265985	 3.265983	 4.000003
30.310000	 3.265985	 3.265983	 4.000003
30.330000	 3.265984	 3.265983	 4.000003
30.350000	 3.265984	 3.265983	 4.000002
30.370000	 3.265984	 3.265983	 4.000002
30.390000	 3.265984	 3.265983	 4.000002
30.410000	 3.265984	 3.265983	 4.000002
30.430000	 3.265984	 3.265983	 4.000001
30.450000	 3.265984	 3.265983	 4.000001
30.470000	 3.265984	 3.265983	 4.000001
30.490000	 3.265984	 3.265983	 4.000001
30.510000	 3.265984	 3.265983	 4.000000
30.530000	 3.265984	 3.265983	 4.000000
30.550000	 3.265983	 3.265983	 4.000000
30.570000	 3.265983	 3.265983	 4.000000
30.590000	 3.265983	 3.265983	 4.000000
30.610000	 3.265983	 3.265983	 3.999999
30.630000	 3.265983	 3.265983	 3.999999
30.650000	 3.265983	 3.265983	 3.999999
30.670000	 3.265983	 3.265983	 3.999999
30.690000	 3.265983	 3.265983	 3.999999
30.710000	 3.265983	 3.265983	 3.999999
30.730000	 3.265983	 3.265983	 3.999998
30.750000	 3.265983	 3.265983	 3.999998
30.770000	 3.265983	 3.265983	 3.999998
30.790000	 3.265983	 3.265983	 3.999998
30.810000	 3.265983	 3.265983	 3.999998
30.830000	 3.265983	 3.265983	 3.999998
30.850000	 3.265983	 3.265983	 3.999997
30.870000	 3.265983	 3.265984	 3.999997
30.890000	 3.265983	 3.265984	 3.999997
30.910000	 3.265983	 3.265984	 3.999997
30.930000	 3.265983	 3.265984	 3.999997
30.950000	 3.265983	 3.265984	 3.999997
30.970000	 3.265983	 3.265984	 3.999997
30.990000	 3.265984	 3.265984	 3.999997
31.010000	 3.265984	 3.265984	 3.999997
31.030000	 3.265984	 3.265984	 3.999997
31.050000	 3.265984	 3.265984	 3.999997
31.070000	 3.265984	 3.265984	 3.999996
31.090000	 3.265984	 3.265985	 3.999996
31.110000	 3.265984	 3.265985	 3.999996
31.130000	 3.265984	 3.265985	 3.999996
31.150000	 3.265984	 3.265985	 3.999996
31.170000	 3.265984	 3.265985	 3.999996
31.190000	 3.265984	 3.265985	 3.999996
31.210000	 3.265984	 3.265985	 3.999996
31.230000	 3.265984	 3.265985	 3.999996
31.250000	 3.265985	 3.265985	 3.999996
31.270000	 3.265985	 3.265986	 3.999996
31.290000	 3.265985	 3.265986	 3.999996
31.310000	 3.265985	 3.265986	 3.999996
31.330000	 3.265985	 3.265986	 3.999996
31.350000	 3.265985	 3.265986	 3.999996
31.370000	 3.265985	 3.265986	 3.999996
31.390000	 3.265985	 3.265986	 3.999997
31.410000	 3.265985	 3.265986	 3.999997
31.430000	 3.265985	 3.265986	 3.999997
31.450000	 3.265986	 3.265987	 3.999997
31.470000	 3.265986	 3.265987	 3.999997
31.490000	 3.265986	 3.265987	 3.999997
31.510000	 3.265986	 3.265987	 3.999997
31.530000	 3.265986	 3.265987	 3.999997
31.550000	 3.265986	 3.265987	 3.999997
31.570000	 3.265986	 3.265987	 3.999997
31.590000	 3.265986	 3.265987	 3.999997
31.610000	 3.265986	 3.265987	 3.999997
31.630000	 3.265986	 3.265987	 3.999997
31.650000	 3.265986	 3.265987	 3.999998
31.670000	 3.265987	 3.265987	 3.999998
31.690000	 3.265987	 3.265987	 3.999998
31.710000	 3.265987	 3.265988	 3.999998
31.730000	 3.265987	 3.265988	 3.999998
31.750000	 3.265987	 3.265988	 3.999998
31.770000	 3.265987	 3.265988	 3.999998
31.790000	 3.265987	 3.265988	 3.999998
31.810000	 3.265987	 3.265988	 3.999998
31.830000	 3.265987	 3.265988	 3.999999
31.850000	 3.265987	 3.265988	 3.999999
31.870000	 3.265987	 3.265988	 3.999999
31.890000	 3.265987	 3.265988	 3.999999
31.910000	 3.265987	 3.265988	 3.999999
31.930000	 3.265987	 3.265988	 3.999999
31.950000	 3.265988	 3.265988	 3.999999
31.970000	 3.265988	 3.265988	 3.999999
31.990000	 3.265988	 3.265988	 3.999999
32.010000	 3.265988	 3.265988	 4.000000
32.030000	 3.265988	 3.265988	 4.000000
32.050000	 3.265988	 3.265988	 4.000000
32.070000	 3.265988	 3.265988	 4.000000
32.090000	 3.265988	 3.265988	 4.000000
32.110000	 3.265988	 3.265988	 4.000000
32.130000	 3.265988	 3.265988	 4.000000
32.150000	 3.265988	 3.265988	 4.000000
32.170000	 3.265988	 3.265988	 4.000000
32.190000	 3.265988	 3.265988	 4.000001
32.210000	 3.265988	 3.265988	 4.000001
32.230000	 3.265988	 3.265988	 4.000001
32.250000	 3.265988	 3.265988	 4.000001
32.270000	 3.265988	 3.265988	 4.000001
32.290000	 3.265988	 3.265988	 4.000001
32.310000	 3.265988	 3.265988	 4.000001
32.330000	 3.265988	 3.265988	 4.000001
32.350000	 3.265988	 3.265988	 4.000001
32.370000	 3.265988	 3.265988	 4.000001
32.390000	 3.265988	 3.265988	 4.000001
32.410000	 3.265988	 3.265988	 4.000001
32.430000	 3.265988	 3.265988	 4.000001
32.450000	 3.265988	 3.265988	 4.000002
32.470000	 3.265988	 3.265988	 4.000002
32.490000	 3.265988	 3.265988	 4.000002
32.510000	 3.265988	 3.265987	 4.000002
32.530000	 3.265988	 3.265987	 4.000002
32.550000	 3.265988	 3.265987	 4.000002
32.570000	 3.265988	 3.265987	 4.000002
32.590000	 3.265988	 3.265987	 4.000002
32.610000	 3.265988	 3.265987	 4.000002
32.630000	 3.265988	 3.265987	 4.000002
32.650000	 3.265988	 3.265987	 4.000002
32.670000	 3.265987	 3.265987	 4.000002
32.690000	 3.265987	 3.265987	 4.000002
32.710000	 3.265987	 3.265987	 4.000002
32.730000	 3.265987	 3.265987	 4.000002
32.750000	 3.265987	 3.265987	 4.000002
32.770000	 3.265987	 3.265987	 4.000002
32.790000	 3.265987	 3.265987	 4.000002
32.810000	 3.265987	 3.265987	 4.000002
32.830000	 3.265987	 3.265987	 4.000002
32.850000	 3.265987	 3.265987	 4.000002
32.870000	 3.265987	 3.265987	 4.000002
32.890000	 3.265987	 3.265986	 4.000002
32.910000	 3.265987	 3.265986	 4.000002
32.930000	 3.265987	 3.265986	 4.000002
32.950000	 3.265987	 3.265986	 4.000002
32.970000	 3.265987	 3.265986	 4.000002
32.990000	 3.265987	 3.265986	 4.000002
33.010000	 3.265987	 3.265986	 4.000002
33.030000	 3.265987	 3.265986	 4.000002
33.050000	 3.265987	 3.265986	 4.000002
33.070000	 3.265987	 3.265986	 4.000001
33.090000	 3.265986	 3.265986	 4.000001
33.110000	 3.265986	 3.265986	 4.000001
33.130000	 3.265986	 3.265986	 4.000001
33.150000	 3.265986	 3.265986	 4.000001
33.170000	 3.265986	 3.265986	 4.000001
33.190000	 3.265986	 3.265986	 4.000001
33.210000	 3.265986	 3.265986	 4.000001
33.230000	 3.265986	 3.265986	 4.000001
33.250000	 3.265986	 3.265986	 4.000001
33.270000	 3.265986	 3.265986	 4.000001
33.290000	 3.265986	 3.265986	 4.000001
33.310000	 3.265986	 3.265986	 4.000001
33.330000	 3.265986	 3.265986	 4.000001
33.350000	 3.265986	 3.265986	 4.000001
33.370000	 3.265986	 3.265986	 4.000001
33.390000	 3.265986	 3.265986	 4.000001
33.410000	 3.265986	 3.265985	 4.000001
33.430000	 3.265986	 3.265985	 4.000001
33.450000	 3.265986	 3.265985	 4.000000
33.470000	 3.265986	 3.265985	 4.000000
33.490000	 3.265986	 3.265985	 4.000000
33.510000	 3.265986	 3.265985	 4.000000
33.530000	 3.265986	 3.265985	 4.000000
33.550000	 3.265986	 3.265985	 4.000000
33.570000	 3.265986	 3.265985	 4.000000
33.590000	 3.265986	 3.265985	 4.000000
33.610000	 3.265986	 3.265985	 4.000000
33.630000	 3.265986	 3.265985	 4.000000
33.650000	 3.265986	 3.265985	 4.000000
33.670000	 3.265986	 3.265985	 4.000000
33.690000	 3.265986	 3.265985	 4.000000
33.710000	 3.265986	 3.265985	 4.000000
33.730000	 3.265986	 3.265985	 4.000000
33.750000	 3.265986	 3.265985	 4.000000
33.770000	 3.265986	 3.265985	 4.000000
33.790000	 3.265986	 3.265985	 4.000000
33.810000	 3.265986	 3.265986	 4.000000
33.830000	 3.265986	 3.265986	 3.999999
33.850000	 3.265986	 3.265986	 3.999999
33.870000	 3.265986	 3.265986	 3.999999
33.890000	 3.265986	 3.265986	 3.999999
33.910000	 3.265986	 3.265986	 3.999999
33.930000	 3.265986	 3.265986	 3.999999
33.950000	 3.265986	 3.265986	 3.999999
33.970000	 3.265986	 3.265986	 3.999999
33.990000	 3.265986	 3.265986	 3.999999
34.010000	 3.265986	 3.265986	 3.999999
34.030000	 3.265986	 3.265986	 3.999999
34.050000	 3.265986	 3.265986	 3.999999
34.070000	 3.265986	 3.265986	 3.999999
34.090000	 3.265986	 3.265986	 3.999999
34.110000	 3.265986	 3.265986	 3.999999
34.130000	 3.265986	 3.265986	 3.999999
34.150000	 3.265986	 3.265986	 3.999999
34.170000	 3.265986	 3.265986	 3.999999
34.190000	 3.265986	 3.265986	 3.999999
34.210000	 3.265986	 3.265986	 3.999999
34.230000	 3.265986	 3.265986	 3.999999
34.250000	 3.265986	 3.265986	 3.999999
34.270000	 3.265986	 3.265986	 3.999999
34.290000	 3.265986	 3.265986	 3.999999
34.310000	 3.265986	 3.265986	 3.999999
34.330000	 3.265986	 3.265986	 3.999999
34.350000	 3.265986	 3.265986	 3.999999
34.370000	 3.265986	 3.265986	 3.999999
34.390000	 3.265986	 3.265986	 3.999999
34.410000	 3.265986	 3.265986	 3.999999
34.430000	 3.265986	 3.265986	 3.999999
34.450000	 3.265986	 3.265986	 3.999999
34.470000	 3.265986	 3.265986	 3.999999
34.490000	 3.265986	 3.265986	 3.999999
34.510000	 3.265986	 3.265986	 3.999999
34.530000	 3.265986	 3.265986	 3.999999
34.550000	 3.265986	 3.265986	 3.999999
34.570000	 3.265986	 3.265986	 3.999999
34.590000	 3.265986	 3.265986	 3.999999
34.610000	 3.265986	 3.265986	 3.999999
34.630000	 3.265986	 3.265987	 3.999999
34.650000	 3.265986	 3.265987	 3.999999
34.670000	 3.265986	 3.265987	 3.999999
34.690000	 3.265986	 3.265987	 3.999999
34.710000	 3.265986	 3.265987	 3.999999
34.730000	 3.265986	 3.265987	 3.999999
34.750000	 3.265986	 3.265987	 3.999999
34.770000	 3.265986	 3.265987	 3.999999
34.790000	 3.265986	 3.265987	 3.999999
34.810000	 3.265986	 3.265987	 4.000000
34.830000	 3.265986	 3.265987	 4.000000
34.850000	 3.265987	 3.265987	 4.000000
34.870000	 3.265987	 3.265987	 4.000000
34.890000	 3.265987	 3.265987	 4.000000
34.910000	 3.265987	 3.265987	 4.000000
34.930000	 3.265987	 3.265987	 4.000000
34.950000	 3.265987	 3.265987	 4.000000
34.970000	 3.265987	 3.265987	 4.000000
34.990000	 3.265987	 3.265987	 4.000000
35.010000	 3.265987	 3.265987	 4.000000
35.030000	 3.265987	 3.265987	 4.000000
35.050000	 3.265987	 3.265987	 4.000000
35.070000	 3.265987	 3.265987	 4.000000
35.090000	 3.265987	 3.265987	 4.000000
35.110000	 3.265987	 3.265987	 4.000000
35.130000	 3.265987	 3.265987	 4.000000
35.150000	 3.265987	 3.265987	 4.000000
35.170000	 3.265987	 3.265987	 4.000000
35.190000	 3.265987	 3.265987	 4.000000
35.210000	 3.265987	 3.265987	 4.000000
35.230000	 3.265987	 3.265987	 4.000000
35.250000	 3.265987	 3.265987	 4.000000
35.270000	 3.265987	 3.265987	 4.000000
35.290000	 3.265987	 3.265987	 4.000000
35.310000	 3.265987	 3.265987	 4.000000
35.330000	 3.265987	 3.265987	 4.000000
35.350000	 3.265987	 3.265987	 4.000000
35.370000	 3.265987	 3.265987	 4.000000
35.390000	 3.265987	 3.265987	 4.000000
35.410000	 3.265987	 3.265987	 4.000000
35.430000	 3.265987	 3.265987	 4.000000
35.450000	 3.265987	 3.265987	 4.000000
35.470000	 3.265987	 3.265987	 4.000000
35.490000	 3.265987	 3.265987	 4.000000
35.510000	 3.265987	 3.265987	 4.000000
35.530000	 3.265987	 3.265987	 4.000000
35.550000	 3.265987	 3.265987	 4.000000
35.570000	 3.265987	 3.265987	 4.000000
35.590000	 3.265987	 3.265987	 4.000000
35.610000	 3.265987	 3.265987	 4.000000
35.630000	 3.265987	 3.265987	 4.000000
35.650000	 3.265987	 3.265987	 4.000000
35.670000	 3.265987	 3.265987	 4.000000
35.690000	 3.265987	 3.265987	 4.000000
35.710000	 3.265987	 3.265987	 4.000000
35.730000	 3.265987	 3.265987	 4.000000
35.750000	 3.265987	 3.265986	 4.000000
35.770000	 3.265987	 3.265986	 4.000000
35.790000	 3.265987	 3.265986	 4.000000
35.810000	 3.265987	 3.265986	 4.000000
35.830000	 3.265987	 3.265986	 4.000000
35.850000	 3.265987	 3.265986	 4.000000
35.870000	 3.265987	 3.265986	 4.000000
35.890000	 3.265987	 3.265986	 4.000000
35.910000	 3.265987	 3.265986	 4.000000
35.930000	 3.265986	 3.265986	 4.000000
35.950000	 3.265986	 3.265986	 4.000000
35.970000	 3.265986	 3.265986	 4.000000
35.990000	 3.265986	 3.265986	 4.000000
36.010000	 3.265986	 3.265986	 4.000000
36.030000	 3.265986	 3.265986	 4.000000
36.050000	 3.265986	 3.265986	 4.000000
36.070000	 3.265986	 3.265986	 4.000000
36.090000	 3.265986	 3.265986	 4.000000
36.110000	 3.265986	 3.265986	 4.000000
36.130000	 3.265986	 3.265986	 4.000000
36.150000	 3.265986	 3.265986	 4.000000
36.170000	 3.265986	 3.265986	 4.000000
36.190000	 3.265986	 3.265986	 4.000000
36.210000	 3.265986	 3.265986	 4.000000
36.230000	 3.265986	 3.265986	 4.000000
36.250000	 3.265986	 3.265986	 4.000000
36.270000	 3.265986	 3.265986	 4.000000
36.290000	 3.265986	 3.265986	 4.000000
36.310000	 3.265986	 3.265986	 4.000000
36.330000	 3.265986	 3.265986	 4.000000
36.350000	 3.265986	 3.265986	 4.000000
36.370000	 3.265986	 3.265986	 4.000000
36.390000	 3.265986	 3.265986	 4.000000
36.410000	 3.265986	 3.265986	 4.000000
36.430000	 3.265986	 3.265986	 4.000000
36.450000	 3.265986	 3.265986	 4.000000
36.470000	 3.265986	 3.265986	 4.000000
36.490000	 3.265986	 3.265986	 4.000000
36.510000	 3.265986	 3.265986	 4.000000
36.530000	 3.265986	 3.265986	 4.000000
36.550000	 3.265986	 3.265986	 4.000000
36.570000	 3.265986	 3.265986	 4.000000
36.590000	 3.265986	 3.265986	 4.000000
36.610000	 3.265986	 3.265986	 4.000000
36.630000	 3.265986	 3.265986	 4.000000
36.650000	 3.265986	 3.265986	 4.000000
36.670000	 3.265986	 3.265986	 4.000000
36.690000	 3.265986	 3.265986	 4.000000
36.710000	 3.265986	 3.265986	 4.000000
36.730000	 3.265986	 3.265986	 4.000000
36.750000	 3.265986	 3.265986	 4.000000
36.770000	 3.265986	 3.265986	 4.000000
36.790000	 3.265986	 3.265986	 4.000000
36.810000	 3.265986	 3.265986	 4.000000
36.830000	 3.265986	 3.265986	 4.000000
36.850000	 3.265986	 3.265986	 4.000000
36.870000	 3.265986	 3.265986	 4.000000
36.890000	 3.265986	 3.265986	 4.000000
36.910000	 3.265986	 3.265986	 4.000000
36.930000	 3.265986	 3.265986	 4.000000
36.950000	 3.265986	 3.265986	 4.000000
36.970000	 3.265986	 3.265986	 4.000000
36.990000	 3.265986	 3.265986	 4.000000
37.010000	 3.265986	 3.265986	 4.000000
37.030000	 3.265986	 3.265986	 4.000000
37.050000	 3.265986	 3.265986	 4.000000
37.070000	 3.265986	 3.265986	 4.000000
37.090000	 3.265986	 3.265986	 4.000000
37.110000	 3.265986	 3.265986	 4.000000
37.130000	 3.265986	 3.265986	 4.000000
37.150000	 3.265986	 3.265986	 4.000000
37.170000	 3.265986	 3.265986	 4.000000
37.190000	 3.265986	 3.265986	 4.000000
37.210000	 3.265986	 3.265986	 4.000000
37.230000	 3.265986	 3.265986	 4.000000
37.250000	 3.265986	 3.265986	 4.000000
37.270000	 3.265986	 3.265986	 4.000000
37.290000	 3.265986	 3.265986	 4.000000
37.310000	 3.265986	 3.265986	 4.000000
37.330000	 3.265986	 3.265986	 4.000000
37.350000	 3.265986	 3.265986	 4.000000
37.370000	 3.265986	 3.265986	 4.000000
37.390000	 3.265986	 3.265986	 4.000000
37.410000	 3.265986	 3.265986	 4.000000
37.430000	 3.265986	 3.265986	 4.000000
37.450000	 3.265986	 3.265986	 4.000000
37.470000	 3.265986	 3.265986	 4.000000
37.490000	 3.265986	 3.265986	 4.000000
37.510000	 3.265986	 3.265986	 4.000000
37.530000	 3.265986	 3.265986	 4.000000
37.550000	 3.265986	 3.265986	 4.000000
37.570000	 3.265986	 3.265986	 4.000000
37.590000	 3.265986	 3.265986	 4.000000
37.610000	 3.265986	 3.265986	 4.000000
37.630000	 3.265986	 3.265986	 4.000000
37.650000	 3.265986	 3.265986	 4.000000
37.670000	 3.265986	 3.265986	 4.000000
37.690000	 3.265986	 3.265986	 4.000000
37.710000	 3.265986	 3.265986	 4.000000
37.730000	 3.265986	 3.265986	 4.000000
37.750000	 3.265986	 3.265986	 4.000000
37.770000	 3.265986	 3.265986	 4.000000
37.790000	 3.265986	 3.265986	 4.000000
37.810000	 3.265986	 3.265986	 4.000000
37.830000	 3.265986	 3.265986	 4.000000
37.850000	 3.265986	 3.265986	 4.000000
37.870000	 3.265986	 3.265986	 4.000000
37.890000	 3.265986	 3.265986	 4.000000
37.910000	 3.265986	 3.265986	 4.000000
37.930000	 3.265986	 3.265986	 4.000000
37.950000	 3.265986	 3.265986	 4.000000
37.970000	 3.265986	 3.265986	 4.000000
37.990000	 3.265986	 3.265986	 4.000000
38.010000	 3.265986	 3.265986	 4.000000
38.030000	 3.265986	 3.265986	 4.000000
38.050000	 3.265986	 3.265986	 4.000000
38.070000	 3.265986	 3.265986	 4.000000
38.090000	 3.265986	 3.265986	 4.000000
38.110000	 3.265986	 3.265986	 4.000000
38.130000	 3.265986	 3.265986	 4.000000
38.150000	 3.265986	 3.265986	 4.000000
38.170000	 3.265986	 3.265986	 4.000000
38.190000	 3.265986	 3.265986	 4.000000
38.210000	 3.265986	 3.265986	 4.000000
38.230000	 3.265986	 3.265986	 4.000000
38.250000	 3.265986	 3.265986	 4.000000
38.270000	 3.265986	 3.265986	 4.000000
38.290000	 3.265986	 3.265986	 4.000000
38.310000	 3.265986	 3.265986	 4.000000
38.330000	 3.265986	 3.265986	 4.000000
38.350000	 3.265986	 3.265986	 4.000000
38.370000	 3.265986	 3.265986	 4.000000
38.390000	 3.265986	 3.265986	 4.000000
38.410000	 3.265986	 3.265986	 4.000000
38.430000	 3.265986	 3.265986	 4.000000
38.450000	 3.265986	 3.265986	 4.000000
38.470000	 3.265986	 3.265986	 4.000000
38.490000	 3.265986	 3.265986	 4.000000
38.510000	 3.265986	 3.265986	 4.000000
38.530000	 3.265986	 3.265986	 4.000000
38.550000	 3.265986	 3.265986	 4.000000
38.570000	 3.265986	 3.265986	 4.000000
38.590000	 3.265986	 3.265986	 4.000000
38.610000	 3.265986	 3.265986	 4.000000
38.630000	 3.265986	 3.265986	 4.000000
38.650000	 3.265986	 3.265986	 4.000000
38.670000	 3.265986	 3.265986	 4.000000
38.690000	 3.265986	 3.265986	 4.000000
38.710000	 3.265986	 3.265986	 4.000000
38.730000	 3.265986	 3.265986	 4.000000
38.750000	 3.265986	 3.265986	 4.000000
38.770000	 3.265986	 3.265986	 4.000000
38.790000	 3.265986	 3.265986	 4.000000
38.810000	 3.265986	 3.265986	 4.000000
38.830000	 3.265986	 3.265986	 4.000000
38.850000	 3.265986	 3.265986	 4.000000
38.870000	 3.265986	 3.265986	 4.000000
38.890000	 3.265986	 3.265986	 4.000000
38.910000	 3.265986	 3.265986	 4.000000
38.930000	 3.265986	 3.265986	 4.000000
38.950000	 3.265986	 3.265986	 4.000000
38.970000	 3.265986	 3.265986	 4.000000
38.990000	 3.265986	 3.265986	 4.000000
39.010000	 3.265986	 3.265986	 4.000000
39.030000	 3.265986	 3.265986	 4.000000
39.050000	 3.265986	 3.265986	 4.000000
39.070000	 3.265986	 3.265986	 4.000000
39.090000	 3.265986	 3.265986	 4.000000
39.110000	 3.265986	 3.265986	 4.000000
39.130000	 3.265986	 3.265986	 4.000000
39.150000	 3.265986	 3.265986	 4.000000
39.170000	 3.265986	 3.265986	 4.000000
39.190000	 3.265986	 3.265986	 4.000000
39.210000	 3.265986	 3.265986	 4.000000
39.230000	 3.265986	 3.265986	 4.000000
39.250000	 3.265986	 3.265986	 4.000000
39.270000	 3.265986	 3.265986	 4.000000
39.290000	 3.265986	 3.265986	 4.000000
39.310000	 3.265986	 3.265986	 4.000000
39.330000	 3.265986	 3.265986	 4.000000
39.350000	 3.265986	 3.265986	 4.000000
39.370000	 3.265986	 3.265986	 4.000000
39.390000	 3.265986	 3.265986	 4.000000
39.410000	 3.265986	 3.265986	 4.000000
39.430000	 3.265986	 3.265986	 4.000000
39.450000	 3.265986	 3.265986	 4.000000
39.470000	 3.265986	 3.265986	 4.000000
39.490000	 3.265986	 3.265986	 4.000000
39.510000	 3.265986	 3.265986	 4.000000
39.530000	 3.265986	 3.265986	 4.000000
39.550000	 3.265986	 3.265986	 4.000000
39.570000	 3.265986	 3.265986	 4.000000
39.590000	 3.265986	 3.265986	 4.000000
39.610000	 3.265986	 3.265986	 4.000000
39.630000	 3.265986	 3.265986	 4.000000
39.650000	 3.265986	 3.265986	 4.000000
39.670000	 3.265986	 3.265986	 4.000000
39.690000	 3.265986	 3.265986	 4.000000
39.710000	 3.265986	 3.265986	 4.000000
39.730000	 3.265986	 3.265986	 4.000000
39.750000	 3.265986	 3.265986	 4.000000
39.770000	 3.265986	 3.265986	 4.000000
39.790000	 3.265986	 3.265986	 4.000000
39.810000	 3.265986	 3.265986	 4.000000
39.830000	 3.265986	 3.265986	 4.000000
39.850000	 3.265986	 3.265986	 4.000000
39.870000	 3.265986	 3.265986	 4.000000
39.890000	 3.265986	 3.265986	 4.000000
39.910000	 3.265986	 3.265986	 4.000000
39.930000	 3.265986	 3.265986	 4.000000
39.950000	 3.265986	 3.265986	 4.000000
39.970000	 3.265986	 3.265986	 4.000000
39.990000	 3.265986	 3.265986	 4.000000
40.010000	 3.265986	 3.265986	 4.000000
40.030000	 3.265986	 3.265986	 4.000000
40.050000	 3.265986	 3.265986	 4.000000
40.070000	 3.265986	 3.265986	 4.000000
40.090000	 3.265986	 3.265986	 4.000000
40.110000	 3.265986	 3.265986	 4.000000
40.130000	 3.265986	 3.265986	 4.000000
40.150000	 3.265986	 3.265986	 4.000000
40.170000	 3.265986	 3.265986	 4.000000
40.190000	 3.265986	 3.265986	 4.000000
40.210000	 3.265986	 3.265986	 4.000000
40.230000	 3.265986	 3.265986	 4.000000
40.250000	 3.265986	 3.265986	 4.000000
40.270000	 3.265986	 3.265986	 4.000000
40.290000	 3.265986	 3.265986	 4.000000
40.310000	 3.265986	 3.265986	 4.000000
40.330000	 3.265986	 3.265986	 4.000000
40.350000	 3.265986	 3.265986	 4.000000
40.370000	 3.265986	 3.265986	 4.000000
40.390000	 3.265986	 3.265986	 4.000000
40.410000	 3.265986	 3.265986	 4.000000
40.430000	 3.265986	 3.265986	 4.000000
40.450000	 3.265986	 3.265986	 4.000000
40.470000	 3.265986	 3.265986	 4.000000
40.490000	 3.265986	 3.265986	 4.000000
40.510000	 3.265986	 3.265986	 4.000000
40.530000	 3.265986	 3.265986	 4.000000
40.550000	 3.265986	 3.265986	 4.000000
40.570000	 3.265986	 3.265986	 4.000000
40.590000	 3.265986	 3.265986	 4.000000
40.610000	 3.265986	 3.265986	 4.000000
40.630000	 3.265986	 3.265986	 4.000000
40.650000	 3.265986	 3.265986	 4.000000
40.670000	 3.265986	 3.265986	 4.000000
40.690000	 3.265986	 3.265986	 4.000000
40.710000	 3.265986	 3.265986	 4.000000
40.730000	 3.265986	 3.265986	 4.000000
40.750000	 3.265986	 3.265986	 4.000000
40.770000	 3.265986	 3.265986	 4.000000
40.790000	 3.265986	 3.265986	 4.000000
40.810000	 3.265986	 3.265986	 4.000000
40.830000	 3.265986	 3.265986	 4.000000
40.850000	 3.265986	 3.265986	 4.000000
40.870000	 3.265986	 3.265986	 4.000000
40.890000	 3.265986	 3.265986	 4.000000
40.910000	 3.265986	 3.265986	 4.000000
40.930000	 3.265986	 3.265986	 4.000000
40.950000	 3.265986	 3.265986	 4.000000
40.970000	 3.265986	 3.265986	 4.000000
40.990000	 3.265986	 3.265986	 4.000000
41.010000	 3.265986	 3.265986	 4.000000
41.030000	 3.265986	 3.265986	 4.000000
41.050000	 3.265986	 3.265986	 4.000000
41.070000	 3.265986	 3.265986	 4.000000
41.090000	 3.265986	 3.265986	 4.000000
41.110000	 3.265986	 3.265986	 4.000000
41.130000	 3.265986	 3.265986	 4.000000
41.150000	 3.265986	 3.265986	 4.000000
41.170000	 3.265986	 3.265986	 4.000000
41.190000	 3.265986	 3.265986	 4.000000
41.210000	 3.265986	 3.265986	 4.000000
41.230000	 3.265986	 3.265986	 4.000000
41.250000	 3.265986	 3.265986	 4.000000
41.270000	 3.265986	 3.265986	 4.000000
41.290000	 3.265986	 3.265986	 4.000000
41.310000	 3.265986	 3.265986	 4.000000
41.330000	 3.265986	 3.265986	 4.000000
41.350000	 3.265986	 3.265986	 4.000000
41.370000	 3.265986	 3.265986	 4.000000
41.390000	 3.265986	 3.265986	 4.000000
41.410000	 3.265986	 3.265986	 4.000000
41.430000	 3.265986	 3.265986	 4.000000
41.450000	 3.265986	 3.265986	 4.000000
41.470000	 3.265986	 3.265986	 4.000000
41.490000	 3.265986	 3.265986	 4.000000
41.510000	 3.265986	 3.265986	 4.000000
41.530000	 3.265986	 3.265986	 4.000000
41.550000	 3.265986	 3.265986	 4.000000
41.570000	 3.265986	 3.265986	 4.000000
41.590000	 3.265986	 3.265986	 4.000000
41.610000	 3.265986	 3.265986	 4.000000
41.630000	 3.265986	 3.265986	 4.000000
41.650000	 3.265986	 3.265986	 4.000000
41.670000	 3.265986	 3.265986	 4.000000
41.690000	 3.265986	 3.265986	 4.000000
41.710000	 3.265986	 3.265986	 4.000000
41.730000	 3.265986	 3.265986	 4.000000
41.750000	 3.265986	 3.265986	 4.000000
41.770000	 3.265986	 3.265986	 4.000000
41.790000	 3.265986	 3.265986	 4.000000
41.810000	 3.265986	 3.265986	 4.000000
41.830000	 3.265986	 3.265986	 4.000000
41.850000	 3.265986	 3.265986	 4.000000
41.870000	 3.265986	 3.265986	 4.000000
41.890000	 3.265986	 3.265986	 4.000000
41.910000	 3.265986	 3.265986	 4.000000
41.930000	 3.265986	 3.265986	 4.000000
41.950000	 3.265986	 3.265986	 4.000000
41.970000	 3.265986	 3.265986	 4.000000
41.990000	 3.265986	 3.265986	 4.000000
42.010000	 3.265986	 3.265986	 4.000000
42.030000	 3.265986	 3.265986	 4.000000
42.050000	 3.265986	 3.265986	 4.000000
42.070000	 3.265986	 3.265986	 4.000000
42.090000	 3.265986	 3.265986	 4.000000
42.110000	 3.265986	 3.265986	 4.000000
42.130000	 3.265986	 3.265986	 4.000000
42.150000	 3.265986	 3.265986	 4.000000
42.170000	 3.265986	 3.265986	 4.000000
42.190000	 3.265986	 3.265986	 4.000000
42.210000	 3.265986	 3.265986	 4.000000
42.230000	 3.265986	 3.265986	 4.000000
42.250000	 3.265986	 3.265986	 4.000000
42.270000	 3.265986	 3.265986	 4.000000
42.290000	 3.265986	 3.265986	 4.000000
42.310000	 3.265986	 3.265986	 4.000000
42.330000	 3.265986	 3.265986	 4.000000
42.350000	 3.265986	 3.265986	 4.000000
42.370000	 3.265986	 3.265986	 4.000000
42.390000	 3.265986	 3.265986	 4.000000
42.410000	 3.265986	 3.265986	 4.000000
42.430000	 3.265986	 3.265986	 4.000000
42.450000	 3.265986	 3.265986	 4.000000
42.470000	 3.265986	 3.265986	 4.000000
42.490000	 3.265986	 3.265986	 4.000000
42.510000	 3.265986	 3.265986	 4.000000
42.530000	 3.265986	 3.265986	 4.000000
42.550000	 3.265986	 3.265986	 4.000000
42.570000	 3.265986	 3.265986	 4.000000
42.590000	 3.265986	 3.265986	 4.000000
42.610000	 3.265986	 3.265986	 4.000000
42.630000	 3.265986	 3.265986	 4.000000
42.650000	 3.265986	 3.265986	 4.000000
42.670000	 3.265986	 3.265986	 4.000000
42.690000	 3.265986	 3.265986	 4.000000
42.710000	 3.265986	 3.265986	 4.000000
42.730000	 3.265986	 3.265986	 4.000000
42.750000	 3.265986	 3.265986	 4.000000
42.770000	 3.265986	 3.265986	 4.000000
42.790000	 3.265986	 3.265986	 4.000000
42.810000	 3.265986	 3.265986	 4.000000
42.830000	 3.265986	 3.265986	 4.000000
42.850000	 3.265986	 3.265986	 4.000000
42.870000	 3.265986	 3.265986	 4.000000
42.890000	 3.265986	 3.265986	 4.000000
42.910000	 3.265986	 3.265986	 4.000000
42.930000	 3.265986	 3.265986	 4.000000
42.950000	 3.265986	 3.265986	 4.000000
42.970000	 3.265986	 3.265986	 4.000000
42.990000	 3.265986	 3.265986	 4.000000
43.010000	 3.265986	 3.265986	 4.000000
43.030000	 3.265986	 3.265986	 4.000000
43.050000	 3.265986	 3.265986	 4.000000
43.070000	 3.265986	 3.265986	 4.000000
43.090000	 3.265986	 3.265986	 4.000000
43.110000	 3.265986	 3.265986	 4.000000
43.130000	 3.265986	 3.265986	 4.000000
43.150000	 3.265986	 3.265986	 4.000000
43.170000	 3.265986	 3.265986	 4.000000
43.190000	 3.265986	 3.265986	 4.000000
43.210000	 3.265986	 3.265986	 4.000000
43.230000	 3.265986	 3.265986	 4.000000
43.250000	 3.265986	 3.265986	 4.000000
43.270000	 3.265986	 3.265986	 4.000000
43.290000	 3.265986	 3.265986	 4.000000
43.310000	 3.265986	 3.265986	 4.000000
43.330000	 3.265986	 3.265986	 4.000000
43.350000	 3.265986	 3.265986	 4.000000
43.370000	 3.265986	 3.265986	 4.000000
43.390000	 3.265986	 3.265986	 4.000000
43.410000	 3.265986	 3.265986	 4.000000
43.430000	 3.265986	 3.265986	 4.000000
43.450000	 3.265986	 3.265986	 4.000000
43.470000	 3.265986	 3.265986	 4.000000
43.490000	 3.265986	 3.265986	 4.000000
43.510000	 3.265986	 3.265986	 4.000000
43.530000	 3.265986	 3.265986	 4.000000
43.550000	 3.265986	 3.265986	 4.000000
43.570000	 3.265986	 3.265986	 4.000000
43.590000	 3.265986	 3.265986	 4.000000
43.610000	 3.265986	 3.265986	 4.000000
43.630000	 3.265986	 3.265986	 4.000000
43.650000	 3.265986	 3.265986	 4.000000
43.670000	 3.265986	 3.265986	 4.000000
43.690000	 3.265986	 3.265986	 4.000000
43.710000	 3.265986	 3.265986	 4.000000
43.730000	 3.265986	 3.265986	 4.000000
43.750000	 3.265986	 3.265986	 4.000000
43.770000	 3.265986	 3.265986	 4.000000
43.790000	 3.265986	 3.265986	 4.000000
43.810000	 3.265986	 3.265986	 4.000000
43.830000	 3.265986	 3.265986	 4.000000
43.850000	 3.265986	 3.265986	 4.000000
43.870000	 3.265986	 3.265986	 4.000000
43.890000	 3.265986	 3.265986	 4.000000
43.910000	 3.265986	 3.265986	 4.000000
43.930000	 3.265986	 3.265986	 4.000000
43.950000	 3.265986	 3.265986	 4.000000
43.970000	 3.265986	 3.265986	 4.000000
43.990000	 3.265986	 3.265986	 4.000000
44.010000	 3.265986	 3.265986	 4.000000
44.030000	 3.265986	 3.265986	 4.000000
44.050000	 3.265986	 3.265986	 4.000000
44.070000	 3.265986	 3.265986	 4.000000
44.090000	 3.265986	 3.265986	 4.000000
44.110000	 3.265986	 3.265986	 4.000000
44.130000	 3.265986	 3.265986	 4.000000
44.150000	 3.265986	 3.265986	 4.000000
44.170000	 3.265986	 3.265986	 4.000000
44.190000	 3.265986	 3.265986	 4.000000
44.210000	 3.265986	 3.265986	 4.000000
44.230000	 3.265986	 3.265986	 4.000000
44.250000	 3.265986	 3.265986	 4.000000
44.270000	 3.265986	 3.265986	 4.000000
44.290000	 3.265986	 3.265986	 4.000000
44.310000	 3.265986	 3.265986	 4.000000
44.330000	 3.265986	 3.265986	 4.000000
44.350000	 3.265986	 3.265986	 4.000000
44.370000	 3.265986	 3.265986	 4.000000
44.390000	 3.265986	 3.265986	 4.000000
44.410000	 3.265986	 3.265986	 4.000000
44.430000	 3.265986	 3.265986	 4.000000
44.450000	 3.265986	 3.265986	 4.000000
44.470000	 3.265986	 3.265986	 4.000000
44.490000	 3.265986	 3.265986	 4.000000
44.510000	 3.265986	 3.265986	 4.000000
44.530000	 3.265986	 3.265986	 4.000000
44.550000	 3.265986	 3.265986	 4.000000
44.570000	 3.265986	 3.265986	 4.000000
44.590000	 3.265986	 3.265986	 4.000000
44.610000	 3.265986	 3.265986	 4.000000
44.630000	 3.265986	 3.265986	 4.000000
44.650000	 3.265986	 3.265986	 4.000000
44.670000	 3.265986	 3.265986	 4.000000
44.690000	 3.265986	 3.265986	 4.000000
44.710000	 3.265986	 3.265986	 4.000000
44.730000	 3.265986	 3.265986	 4.000000
44.750000	 3.265986	 3.265986	 4.000000
44.770000	 3.265986	 3.265986	 4.000000
44.790000	 3.265986	 3.265986	 4.000000
44.810000	 3.265986	 3.265986	 4.000000
44.830000	 3.265986	 3.265986	 4.000000
44.850000	 3.265986	 3.265986	 4.000000
44.870000	 3.265986	 3.265986	 4.000000
44.890000	 3.265986	 3.265986	 4.000000
44.910000	 3.265986	 3.265986	 4.000000
44.930000	 3.265986	 3.265986	 4.000000
44.950000	 3.265986	 3.265986	 4.000000
44.970000	 3.265986	 3.265986	 4.000000
44.990000	 3.265986	 3.265986	 4.000000
45.010000	 3.265986	 3.265986	 4.000000
45.030000	 3.265986	 3.265986	 4.000000
45.050000	 3.265986	 3.265986	 4.000000
45.070000	 3.265986	 3.265986	 4.000000
45.090000	 3.265986	 3.265986	 4.000000
45.110000	 3.265986	 3.265986	 4.000000
45.130000	 3.265986	 3.265986	 4.000000
45.150000	 3.265986	 3.265986	 4.000000
45.170000	 3.265986	 3.265986	 4.000000
45.190000	 3.265986	 3.265986	 4.000000
45.210000	 3.265986	 3.265986	 4.000000
45.230000	 3.265986	 3.265986	 4.000000
45.250000	 3.265986	 3.265986	 4.000000
45.270000	 3.265986	 3.265986	 4.000000
45.290000	 3.265986	 3.265986	 4.000000
45.310000	 3.265986	 3.265986	 4.000000
45.330000	 3.265986	 3.265986	 4.000000
45.350000	 3.265986	 3.265986	 4.000000
45.370000	 3.265986	 3.265986	 4.000000
45.390000	 3.265986	 3.265986	 4.000000
45.410000	 3.265986	 3.265986	 4.000000
45.430000	 3.265986	 3.265986	 4.000000
45.450000	 3.265986	 3.265986	 4.000000
45.470000	 3.265986	 3.265986	 4.000000
45.490000	 3.265986	 3.265986	 4.000000
45.510000	 3.265986	 3.265986	 4.000000
45.530000	 3.265986	 3.265986	 4.000000
45.550000	 3.265986	 3.265986	 4.000000
45.570000	 3.265986	 3.265986	 4.000000
45.590000	 3.265986	 3.265986	 4.000000
45.610000	 3.265986	 3.265986	 4.000000
45.630000	 3.265986	 3.265986	 4.000000
45.650000	 3.265986	 3.265986	 4.000000
45.670000	 3.265986	 3.265986	 4.000000
45.690000	 3.265986	 3.265986	 4.000000
45.710000	 3.265986	 3.265986	 4.000000
45.730000	 3.265986	 3.265986	 4.000000
45.750000	 3.265986	 3.265986	 4.000000
45.770000	 3.265986	 3.265986	 4.000000
45.790000	 3.265986	 3.265986	 4.000000
45.810000	 3.265986	 3.265986	 4.000000
45.830000	 3.265986	 3.265986	 4.000000
45.850000	 3.265986	 3.265986	 4.000000
45.870000	 3.265986	 3.265986	 4.000000
45.890000	 3.265986	 3.265986	 4.000000
45.910000	 3.265986	 3.265986	 4.000000
45.930000	 3.265986	 3.265986	 4.000000
45.950000	 3.265986	 3.265986	 4.000000
45.970000	 3.265986	 3.265986	 4.000000
45.990000	 3.265986	 3.265986	 4.000000
46.010000	 3.265986	 3.265986	 4.000000
46.030000	 3.265986	 3.265986	 4.000000
46.050000	 3.265986	 3.265986	 4.000000
46.070000	 3.265986	 3.265986	 4.000000
46.090000	 3.265986	 3.265986	 4.000000
46.110000	 3.265986	 3.265986	 4.000000
46.130000	 3.265986	 3.265986	 4.000000
46.150000	 3.265986	 3.265986	 4.000000
46.170000	 3.265986	 3.265986	 4.000000
46.190000	 3.265986	 3.265986	 4.000000
46.210000	 3.265986	 3.265986	 4.000000
46.230000	 3.265986	 3.265986	 4.000000
46.250000	 3.265986	 3.265986	 4.000000
46.270000	 3.265986	 3.265986	 4.000000
46.290000	 3.265986	 3.265986	 4.000000
46.310000	 3.265986	 3.265986	 4.000000
46.330000	 3.265986	 3.265986	 4.000000
46.350000	 3.265986	 3.265986	 4.000000
46.370000	 3.265986	 3.265986	 4.000000
46.390000	 3.265986	 3.265986	 4.000000
46.410000	 3.265986	 3.265986	 4.000000
46.430000	 3.265986	 3.265986	 4.000000
46.450000	 3.265986	 3.265986	 4.000000
46.470000	 3.265986	 3.265986	 4.000000
46.490000	 3.265986	 3.265986	 4.000000
46.510000	 3.265986	 3.265986	 4.000000
46.530000	 3.265986	 3.265986	 4.000000
46.550000	 3.265986	 3.265986	 4.000000
46.570000	 3.265986	 3.265986	 4.000000
46.590000	 3.265986	 3.265986	 4.000000
46.610000	 3.265986	 3.265986	 4.000000
46.630000	 3.265986	 3.265986	 4.000000
46.650000	 3.265986	 3.265986	 4.000000
46.670000	 3.265986	 3.265986	 4.000000
46.690000	 3.265986	 3.265986	 4.000000
46.710000	 3.265986	 3.265986	 4.000000
46.730000	 3.265986	 3.265986	 4.000000
46.750000	 3.265986	 3.265986	 4.000000
46.770000	 3.265986	 3.265986	 4.000000
46.790000	 3.265986	 3.265986	 4.000000
46.810000	 3.265986	 3.265986	 4.000000
46.830000	 3.265986	 3.265986	 4.000000
46.850000	 3.265986	 3.265986	 4.000000
46.870000	 3.265986	 3.265986	 4.000000
46.890000	 3.265986	 3.265986	 4.000000
46.910000	 3.265986	 3.265986	 4.000000
46.930000	 3.265986	 3.265986	 4.000000
46.950000	 3.265986	 3.265986	 4.000000
46.970000	 3.265986	 3.265986	 4.000000
46.990000	 3.265986	 3.265986	 4.000000
47.010000	 3.265986	 3.265986	 4.000000
47.030000	 3.265986	 3.265986	 4.000000
47.050000	 3.265986	 3.265986	 4.000000
47.070000	 3.265986	 3.265986	 4.000000
47.090000	 3.265986	 3.265986	 4.000000
47.110000	 3.265986	 3.265986	 4.000000
47.130000	 3.265986	 3.265986	 4.000000
47.150000	 3.265986	 3.265986	 4.000000
47.170000	 3.265986	 3.265986	 4.000000
47.190000	 3.265986	 3.265986	 4.000000
47.210000	 3.265986	 3.265986	 4.000000
47.230000	 3.265986	 3.265986	 4.000000
47.250000	 3.265986	 3.265986	 4.000000
47.270000	 3.265986	 3.265986	 4.000000
47.290000	 3.265986	 3.265986	 4.000000
47.310000	 3.265986	 3.265986	 4.000000
47.330000	 3.265986	 3.265986	 4.000000
47.350000	 3.265986	 3.265986	 4.000000
47.370000	 3.265986	 3.265986	 4.000000
47.390000	 3.265986	 3.265986	 4.000000
47.410000	 3.265986	 3.265986	 4.000000
47.430000	 3.265986	 3.265986	 4.000000
47.450000	 3.265986	 3.265986	 4.000000
47.470000	 3.265986	 3.265986	 4.000000
47.490000	 3.265986	 3.265986	 4.000000
47.510000	 3.265986	 3.265986	 4.000000
47.530000	 3.265986	 3.265986	 4.000000
47.550000	 3.265986	 3.265986	 4.000000
47.570000	 3.265986	 3.265986	 4.000000
47.590000	 3.265986	 3.265986	 4.000000
47.610000	 3.265986	 3.265986	 4.000000
47.630000	 3.265986	 3.265986	 4.000000
47.650000	 3.265986	 3.265986	 4.000000
47.670000	 3.265986	 3.265986	 4.000000
47.690000	 3.265986	 3.265986	 4.000000
47.710000	 3.265986	 3.265986	 4.000000
47.730000	 3.265986	 3.265986	 4.000000
47.750000	 3.265986	 3.265986	 4.000000
47.770000	 3.265986	 3.265986	 4.000000
47.790000	 3.265986	 3.265986	 4.000000
47.810000	 3.265986	 3.265986	 4.000000
47.830000	 3.265986	 3.265986	 4.000000
47.850000	 3.265986	 3.265986	 4.000000
47.870000	 3.265986	 3.265986	 4.000000
47.890000	 3.265986	 3.265986	 4.000000
47.910000	 3.265986	 3.265986	 4.000000
47.930000	 3.265986	 3.265986	 4.000000
47.950000	 3.265986	 3.265986	 4.000000
47.970000	 3.265986	 3.265986	 4.000000
47.990000	 3.265986	 3.265986	 4.000000
48.010000	 3.265986	 3.265986	 4.000000
48.030000	 3.265986	 3.265986	 4.000000
48.050000	 3.265986	 3.265986	 4.000000
48.070000	 3.265986	 3.265986	 4.000000
48.090000	 3.265986	 3.265986	 4.000000
48.110000	 3.265986	 3.265986	 4.000000
48.130000	 3.265986	 3.265986	 4.000000
48.150000	 3.265986	 3.265986	 4.000000
48.170000	 3.265986	 3.265986	 4.000000
48.190000	 3.265986	 3.265986	 4.000000
48.210000	 3.265986	 3.265986	 4.000000
48.230000	 3.265986	 3.265986	 4.000000
48.250000	 3.265986	 3.265986	 4.000000
48.270000	 3.265986	 3.265986	 4.000000
48.290000	 3.265986	 3.265986	 4.000000
48.310000	 3.265986	 3.265986	 4.000000
48.330000	 3.265986	 3.265986	 4.000000
48.350000	 3.265986	 3.265986	 4.000000
48.370000	 3.265986	 3.265986	 4.000000
48.390000	 3.265986	 3.265986	 4.000000
48.410000	 3.265986	 3.265986	 4.000000
48.430000	 3.265986	 3.265986	 4.000000
48.450000	 3.265986	 3.265986	 4.000000
48.470000	 3.265986	 3.265986	 4.000000
48.490000	 3.265986	 3.265986	 4.000000
48.510000	 3.265986	 3.265986	 4.000000
48.530000	 3.265986	 3.265986	 4.000000
48.550000	 3.265986	 3.265986	 4.000000
48.570000	 3.265986	 3.265986	 4.000000
48.590000	 3.265986	 3.265986	 4.000000
48.610000	 3.265986	 3.265986	 4.000000
48.630000	 3.265986	 3.265986	 4.000000
48.650000	 3.265986	 3.265986	 4.000000
48.670000	 3.265986	 3.265986	 4.000000
48.690000	 3.265986	 3.265986	 4.000000
48.710000	 3.265986	 3.265986	 4.000000
48.730000	 3.265986	 3.265986	 4.000000
48.750000	 3.265986	 3.265986	 4.000000
48.770000	 3.265986	 3.265986	 4.000000
48.790000	 3.265986	 3.265986	 4.000000
48.810000	 3.265986	 3.265986	 4.000000
48.830000	 3.265986	 3.265986	 4.000000
48.850000	 3.265986	 3.265986	 4.000000
48.870000	 3.265986	 3.265986	 4.000000
48.890000	 3.265986	 3.265986	 4.000000
48.910000	 3.265986	 3.265986	 4.000000
48.930000	 3.265986	 3.265986	 4.000000
48.950000	 3.265986	 3.265986	 4.000000
48.970000	 3.265986	 3.265986	 4.000000
48.990000	 3.265986	 3.265986	 4.000000
49.010000	 3.265986	 3.265986	 4.000000
49.030000	 3.265986	 3.265986	 4.000000
49.050000	 3.265986	 3.265986	 4.000000
49.070000	 3.265986	 3.265986	 4.000000
49.090000	 3.265986	 3.265986	 4.000000
49.110000	 3.265986	 3.265986	 4.000000
49.130000	 3.265986	 3.265986	 4.000000
49.150000	 3.265986	 3.265986	 4.000000
49.170000	 3.265986	 3.265986	 4.000000
49.190000	 3.265986	 3.265986	 4.000000
49.210000	 3.265986	 3.265986	 4.000000
49.230000	 3.265986	 3.265986	 4.000000
49.250000	 3.265986	 3.265986	 4.000000
49.270000	 3.265986	 3.265986	 4.000000
49.290000	 3.265986	 3.265986	 4.000000
49.310000	 3.265986	 3.265986	 4.000000
49.330000	 3.265986	 3.265986	 4.000000
49.350000	 3.265986	 3.265986	 4.000000
49.370000	 3.265986	 3.265986	 4.000000
49.390000	 3.265986	 3.265986	 4.000000
49.410000	 3.265986	 3.265986	 4.000000
49.430000	 3.265986	 3.265986	 4.000000
49.450000	 3.265986	 3.265986	 4.000000
49.470000	 3.265986	 3.265986	 4.000000
49.490000	 3.265986	 3.265986	 4.000000
49.510000	 3.265986	 3.265986	 4.000000
49.530000	 3.265986	 3.265986	 4.000000
49.550000	 3.265986	 3.265986	 4.000000
49.570000	 3.265986	 3.265986	 4.000000
49.590000	 3.265986	 3.265986	 4.000000
49.610000	 3.265986	 3.265986	 4.000000
49.630000	 3.265986	 3.265986	 4.000000
49.650000	 3.265986	 3.265986	 4.000000
49.670000	 3.265986	 3.265986	 4.000000
49.690000	 3.265986	 3.265986	 4.000000
49.710000	 3.265986	 3.265986	 4.000000
49.730000	 3.265986	 3.265986	 4.000000
49.750000	 3.265986	 3.265986	 4.000000
49.770000	 3.265986	 3.265986	 4.000000
49.790000	 3.265986	 3.265986	 4.000000
49.810000	 3.265986	 3.265986	 4.000000
49.830000	 3.265986	 3.265986	 4.000000
49.850000	 3.265986	 3.265986	 4.000000
49.870000	 3.265986	 3.265986	 4.000000
49.890000	 3.265986	 3.265986	 4.000000
49.910000	 3.265986	 3.265986	 4.000000
49.930000	 3.265986	 3.265986	 4.000000
49.950000	 3.265986	 3.265986	 4.000000
49.970000	 3.265986	 3.265986	 4.000000
49.990000	 3.265986	 3.265986	 4.000000
50.010000	 3.265986	 3.265986	 4.000000
