0.010000	 inf	 -100.010101
0.020000	 9731373610360056503545796476534784.000000	 -50.020409
0.030000	 2956672899346047609151831408640.000000	 -33.364262
0.040000	 9473905974983028019405258752.000000	 -25.041668
0.050000	 110376397536318318301937664.000000	 -20.052631
0.060000	 2909690258937548483067904.000000	 -16.730495
0.070000	 134758536511628693733376.000000	 -14.360983
0.080000	 9427847844836371595264.000000	 -12.586957
0.090000	 903875963650467430400.000000	 -11.210012
0.100000	 111111244301926924288.000000	 -10.111112
0.110000	 16701553038615117824.000000	 -9.214505
0.120000	 2964102203943419904.000000	 -8.469698
0.130000	 604802932252082176.000000	 -7.841733
0.140000	 138976345605537792.000000	 -7.305648
0.150000	 35379816723120128.000000	 -6.843137
0.160000	 9847374314733568.000000	 -6.440476
0.170000	 2964439577919488.000000	 -6.087172
0.180000	 956610281209856.000000	 -5.775067
0.190000	 328429169803264.000000	 -5.497725
0.200000	 119208897675264.000000	 -5.249999
0.210000	 45497284820992.000000	 -5.027727
0.220000	 18173982146560.000000	 -4.827505
0.230000	 7567471280128.000000	 -4.646526
0.240000	 3273101934592.000000	 -4.482455
0.250000	 1466008600576.000000	 -4.333333
0.260000	 678109249536.000000	 -4.197505
0.270000	 323147399168.000000	 -4.073566
0.280000	 158309122048.000000	 -3.960317
0.290000	 79575793664.000000	 -3.856726
0.300000	 40970997760.000000	 -3.761905
0.310000	 21573312512.000000	 -3.675082
0.320000	 11600899072.000000	 -3.595588
0.330000	 6362778112.000000	 -3.522840
0.340000	 3555316992.000000	 -3.456328
0.350000	 2021746176.000000	 -3.395605
0.360000	 1168882944.000000	 -3.340278
0.370000	 686477184.000000	 -3.290004
0.380000	 409202016.000000	 -3.244483
0.390000	 247388608.000000	 -3.203447
0.400000	 151583072.000000	 -3.166667
0.410000	 94074672.000000	 -3.133940
0.420000	 59100084.000000	 -3.105091
0.430000	 37562824.000000	 -3.079968
0.440000	 24141298.000000	 -3.058442
0.450000	 15681559.000000	 -3.040404
0.460000	 10290862.000000	 -3.025765
0.470000	 6819762.500000	 -3.014452
0.480000	 4562196.000000	 -3.006410
0.490000	 3079711.250000	 -3.001601
0.500000	 2097159.250000	 -3.000000
0.510000	 1440129.000000	 -3.001601
0.520000	 996992.875000	 -3.006410
0.530000	 695638.875000	 -3.014452
0.540000	 489062.625000	 -3.025765
0.550000	 346361.125000	 -3.040404
0.560000	 247046.750000	 -3.058441
0.570000	 177428.265625	 -3.079967
0.580000	 128284.375000	 -3.105090
0.590000	 93358.015625	 -3.133939
0.600000	 68372.421875	 -3.166666
0.610000	 50383.882812	 -3.203446
0.620000	 37352.398438	 -3.244481
0.630000	 27854.832031	 -3.290003
0.640000	 20892.080078	 -3.340276
0.650000	 15758.321289	 -3.395602
0.660000	 11951.911133	 -3.456326
0.670000	 9114.232422	 -3.522838
0.680000	 6987.438477	 -3.595586
0.690000	 5385.115723	 -3.675079
0.700000	 4171.750977	 -3.761901
0.710000	 3248.321289	 -3.856723
0.720000	 2542.091309	 -3.960313
0.730000	 1999.367188	 -4.073562
0.740000	 1580.316650	 -4.197500
0.750000	 1255.248169	 -4.333327
0.760000	 1001.926758	 -4.482450
0.770000	 803.623535	 -4.646520
0.780000	 647.696777	 -4.827497
0.790000	 524.551392	 -5.027718
0.800000	 426.872375	 -5.249989
0.810000	 349.060059	 -5.497714
0.820000	 286.810242	 -5.775054
0.830000	 236.800446	 -6.087156
0.839999	 196.456345	 -6.440457
0.849999	 163.774994	 -6.843115
0.859999	 137.192352	 -7.305622
0.869999	 115.482201	 -7.841702
0.879999	 97.679672	 -8.469660
0.889999	 83.022812	 -9.214459
0.899999	 70.907562	 -10.111055
0.909999	 60.853508	 -11.209943
0.919999	 52.477074	 -12.586866
0.929999	 45.470997	 -14.360864
0.939999	 39.588310	 -16.730331
0.949999	 34.629807	 -20.052389
0.959999	 30.434280	 -25.041281
0.969999	 26.870815	 -33.363564
0.979999	 23.832788	 -50.018818
0.989999	 21.233049	 -100.003639
0.999999	 19.000145	 -1525201.500000
1.009999	 17.075270	 100.015953
1.019999	 15.409968	 50.021145
1.029999	 13.964089	 33.363152
1.039999	 12.704306	 25.038857
1.049999	 11.602867	 20.047876
1.059999	 10.636587	 16.723452
1.069999	 9.786050	 14.351270
1.079999	 9.034931	 12.574179
1.089999	 8.369477	 11.193764
1.099999	 7.778065	 10.090978
1.109999	 7.250839	 9.190065
1.119999	 6.779424	 8.440525
1.129999	 6.356679	 7.807394
1.139999	 5.976495	 7.265701
1.149999	 5.633646	 6.797134
1.159999	 5.323631	 6.387960
1.169999	 5.042573	 6.027678
1.179999	 4.787123	 5.708121
1.189999	 4.554379	 5.422843
1.199999	 4.341818	 5.166686
1.209999	 4.147246	 4.935476
1.219999	 3.968745	 4.725799
1.229999	 3.804639	 4.534833
1.239999	 3.653453	 4.360229
1.249999	 3.513894	 4.200013
1.259999	 3.384821	 4.052515
1.269999	 3.265224	 3.916313
1.279999	 3.154212	 3.790189
1.289999	 3.050991	 3.673092
1.299999	 2.954855	 3.564112
1.309999	 2.865177	 3.462456
1.319999	 2.781394	 3.367433
1.329999	 2.703004	 3.278431
1.339999	 2.629556	 3.194915
1.349999	 2.560644	 3.116409
1.359999	 2.495904	 3.042490
1.369999	 2.435006	 2.972782
1.379999	 2.377653	 2.906947
1.389999	 2.323575	 2.844684
1.399999	 2.272527	 2.785720
1.409999	 2.224288	 2.729810
1.419999	 2.178656	 2.676732
1.429999	 2.135445	 2.626286
1.439999	 2.094488	 2.578288
1.449999	 2.055630	 2.532572
1.459999	 2.018732	 2.488986
1.469999	 1.983663	 2.447392
1.479999	 1.950304	 2.407662
1.489999	 1.918547	 2.369679
1.499999	 1.888290	 2.333337
1.509999	 1.859442	 2.298536
1.519999	 1.831916	 2.265186
1.529999	 1.805633	 2.233201
1.539999	 1.780519	 2.202505
1.549999	 1.756506	 2.173024
1.559999	 1.733532	 2.144692
1.569999	 1.711538	 2.117446
1.579999	 1.690469	 2.091229
1.589999	 1.670274	 2.065987
1.599999	 1.650906	 2.041669
1.609999	 1.632321	 2.018229
1.619999	 1.614478	 1.995622
1.629999	 1.597338	 1.973807
1.639999	 1.580864	 1.952746
1.649999	 1.565024	 1.932403
1.659999	 1.549786	 1.912744
1.669999	 1.535120	 1.893737
1.679999	 1.520997	 1.875352
1.689999	 1.507393	 1.857562
1.699999	 1.494282	 1.840338
1.709999	 1.481641	 1.823658
1.719999	 1.469448	 1.807496
1.729999	 1.457682	 1.791830
1.739999	 1.446325	 1.776641
1.749999	 1.435357	 1.761907
1.759999	 1.424762	 1.747609
1.769999	 1.414524	 1.733731
1.779999	 1.404625	 1.720255
1.789999	 1.395054	 1.707165
1.799999	 1.385794	 1.694446
1.809999	 1.376833	 1.682083
1.819999	 1.368159	 1.670063
1.829999	 1.359760	 1.658373
1.839999	 1.351624	 1.646999
1.849999	 1.343742	 1.635932
1.859999	 1.336102	 1.625158
1.869999	 1.328695	 1.614667
1.879999	 1.321512	 1.604450
1.889999	 1.314545	 1.594496
1.899999	 1.307785	 1.584797
1.909999	 1.301224	 1.575342
1.919999	 1.294855	 1.566125
1.929999	 1.288669	 1.557135
1.939999	 1.282662	 1.548367
1.949998	 1.276825	 1.539812
1.959998	 1.271154	 1.531464
1.969998	 1.265641	 1.523315
1.979998	 1.260281	 1.515359
1.989998	 1.255069	 1.507590
1.999998	 1.250000	 1.500001
