100.000000	 25.000000
100.182658	 24.817342
100.366011	 24.636284
100.550060	 24.456810
100.734804	 24.278907
100.920245	 24.102559
101.106383	 23.927753
101.293218	 23.754474
101.480751	 23.582708
101.668982	 23.412441
101.857912	 23.243660
102.047541	 23.076351
102.237869	 22.910500
102.428898	 22.746094
102.620627	 22.583120
102.813057	 22.421564
103.006188	 22.261414
103.200022	 22.102657
103.394558	 21.945280
103.589797	 21.789271
103.785739	 21.634617
103.982385	 21.481305
104.179735	 21.329324
104.377790	 21.178662
104.576551	 21.029306
104.776017	 20.881244
104.976190	 20.734466
105.177069	 20.588958
105.378656	 20.444711
105.580951	 20.301712
105.783954	 20.159950
105.987665	 20.019414
106.192087	 19.880092
106.397218	 19.741975
106.603059	 19.605051
106.809612	 19.469309
107.016876	 19.334739
107.224852	 19.201330
107.433541	 19.069071
107.642942	 18.937953
107.853058	 18.807966
108.063888	 18.679098
108.275432	 18.551341
108.487692	 18.424683
108.700668	 18.299116
108.914360	 18.174630
109.128769	 18.051214
109.343896	 17.928860
109.559741	 17.807558
109.776306	 17.687298
109.993589	 17.568072
110.211592	 17.449870
110.430317	 17.332683
110.649762	 17.216502
110.869929	 17.101318
111.090819	 16.987123
111.312432	 16.873907
111.534768	 16.761662
111.757829	 16.650380
111.981615	 16.540051
112.206126	 16.430668
112.431364	 16.322222
112.657328	 16.214705
112.884021	 16.108108
113.111441	 16.002424
113.339590	 15.897645
113.568469	 15.793763
113.798078	 15.690769
114.028418	 15.588657
114.259490	 15.487417
114.491294	 15.387044
114.723831	 15.287529
114.957102	 15.188864
115.191107	 15.091043
115.425847	 14.994058
115.661324	 14.897901
115.897536	 14.802566
116.134486	 14.708045
116.372174	 14.614331
116.610601	 14.521418
116.849768	 14.429298
117.089674	 14.337964
117.330322	 14.247411
117.571711	 14.157630
117.813843	 14.068615
118.056718	 13.980360
118.300338	 13.892858
118.544702	 13.806103
118.789812	 13.720088
119.035668	 13.634807
119.282272	 13.550253
119.529623	 13.466421
119.777724	 13.383304
120.026574	 13.300896
120.276175	 13.219191
120.526526	 13.138183
120.777631	 13.057866
121.029488	 12.978234
121.282099	 12.899281
121.535464	 12.821002
121.789585	 12.743391
122.044463	 12.666441
122.300097	 12.590149
122.556490	 12.514507
122.813642	 12.439510
123.071553	 12.365154
123.330226	 12.291432
123.589660	 12.218340
123.849856	 12.145871
124.110816	 12.074021
124.372541	 12.002784
124.635030	 11.932156
124.898286	 11.862131
125.162309	 11.792704
125.427099	 11.723870
125.692659	 11.655624
125.958989	 11.587962
126.226089	 11.520877
126.493962	 11.454367
126.762607	 11.388425
127.032025	 11.323047
127.302219	 11.258228
127.573188	 11.193964
127.844933	 11.130250
128.117457	 11.067082
128.390758	 11.004455
128.664840	 10.942364
128.939702	 10.880805
129.215345	 10.819774
129.491772	 10.759266
129.768981	 10.699277
130.046976	 10.639803
130.325756	 10.580840
130.605323	 10.522383
130.885677	 10.464428
131.166821	 10.406971
131.448754	 10.350008
131.731478	 10.293535
132.014994	 10.237548
132.299303	 10.182043
132.584406	 10.127017
132.870304	 10.072464
133.156999	 10.018382
133.444490	 9.964766
133.732781	 9.911613
134.021870	 9.858919
134.311761	 9.806681
134.602453	 9.754894
134.893947	 9.703555
135.186246	 9.652661
135.479350	 9.602207
135.773260	 9.552190
136.067978	 9.502608
136.363504	 9.453456
136.659839	 9.404730
136.956986	 9.356428
137.254944	 9.308546
137.553715	 9.261081
137.853301	 9.214030
138.153702	 9.167388
138.454920	 9.121154
138.756955	 9.075323
139.059810	 9.029892
139.363485	 8.984859
139.667981	 8.940221
139.973299	 8.895973
140.279442	 8.852113
140.586409	 8.808639
140.894203	 8.765546
141.202824	 8.722832
141.512274	 8.680494
141.822554	 8.638530
142.133664	 8.596935
142.445608	 8.555708
142.758385	 8.514845
143.071996	 8.474344
143.386444	 8.434202
143.701730	 8.394416
144.017854	 8.354983
144.334818	 8.315901
144.652623	 8.277167
144.971271	 8.238778
145.290763	 8.200731
145.611100	 8.163025
145.932283	 8.125656
146.254314	 8.088622
146.577194	 8.051920
146.900925	 8.015547
147.225507	 7.979502
147.550942	 7.943782
147.877231	 7.908384
148.204377	 7.873306
148.532379	 7.838546
148.861239	 7.804100
149.190960	 7.769967
149.521541	 7.736145
149.852985	 7.702631
150.185292	 7.669422
150.518465	 7.636517
150.852505	 7.603914
151.187412	 7.571609
151.523188	 7.539601
151.859836	 7.507888
152.197355	 7.476467
152.535748	 7.445337
152.875016	 7.414494
153.215160	 7.383938
153.556182	 7.353666
153.898083	 7.323676
154.240865	 7.293965
154.584528	 7.264533
154.929075	 7.235376
155.274507	 7.206493
155.620825	 7.177882
155.968031	 7.149541
156.316127	 7.121468
156.665112	 7.093661
157.014990	 7.066118
157.365762	 7.038838
157.717429	 7.011817
158.069992	 6.985056
158.423453	 6.958551
158.777814	 6.932301
159.133076	 6.906304
159.489240	 6.880559
159.846309	 6.855063
160.204282	 6.829816
160.563163	 6.804814
160.922953	 6.780057
161.283652	 6.755542
161.645263	 6.731269
162.007787	 6.707235
162.371225	 6.683439
162.735580	 6.659879
163.100853	 6.636554
163.467044	 6.613461
163.834157	 6.590600
164.202192	 6.567969
164.571150	 6.545566
164.941034	 6.523390
165.311846	 6.501438
165.683585	 6.479711
166.056255	 6.458206
166.429857	 6.436922
166.804392	 6.415857
167.179862	 6.395009
167.556268	 6.374378
167.933612	 6.353963
168.311896	 6.333760
168.691122	 6.313770
169.071290	 6.293991
169.452403	 6.274421
169.834462	 6.255059
170.217468	 6.235905
170.601425	 6.216955
170.986332	 6.198210
171.372191	 6.179667
171.759005	 6.161327
172.146775	 6.143186
172.535503	 6.125244
172.925189	 6.107501
173.315837	 6.089954
173.707447	 6.072602
174.100021	 6.055444
174.493561	 6.038479
174.888069	 6.021707
175.283545	 6.005124
175.679993	 5.988731
176.077413	 5.972527
176.475808	 5.956509
176.875178	 5.940678
177.275526	 5.925031
177.676853	 5.909569
178.079161	 5.894289
178.482452	 5.879191
178.886727	 5.864273
179.291989	 5.849535
179.698238	 5.834976
180.105477	 5.820594
180.513707	 5.806388
180.922930	 5.792358
181.333148	 5.778502
181.744363	 5.764820
182.156575	 5.751310
182.569788	 5.737972
182.984002	 5.724805
183.399220	 5.711807
183.815443	 5.698977
184.232673	 5.686316
184.650911	 5.673821
185.070160	 5.661492
185.490422	 5.649329
185.911697	 5.637329
186.333988	 5.625493
186.757296	 5.613819
187.181624	 5.602307
187.606973	 5.590955
188.033345	 5.579764
188.460742	 5.568731
188.889165	 5.557857
189.318617	 5.547140
189.749098	 5.536579
190.180612	 5.526175
190.613159	 5.515926
191.046741	 5.505831
191.481361	 5.495889
191.917020	 5.486101
192.353720	 5.476464
192.791463	 5.466979
193.230250	 5.457644
193.670084	 5.448459
194.110966	 5.439423
194.552898	 5.430536
194.995882	 5.421796
195.439919	 5.413204
195.885013	 5.404758
196.331164	 5.396458
196.778374	 5.388303
197.226645	 5.380292
197.675979	 5.372425
198.126378	 5.364702
198.577844	 5.357121
199.030378	 5.349681
199.483983	 5.342384
199.938660	 5.335227
200.394411	 5.328210
200.851238	 5.321332
201.309144	 5.314594
201.768129	 5.307994
202.228195	 5.301532
202.689346	 5.295207
203.151581	 5.289019
203.614905	 5.282967
204.079317	 5.277051
204.544820	 5.271270
205.011417	 5.265624
205.479108	 5.260112
205.947896	 5.254734
206.417783	 5.249488
206.888771	 5.244376
207.360861	 5.239396
207.834056	 5.234547
208.308356	 5.229830
208.783766	 5.225244
209.260285	 5.220788
209.737916	 5.216461
210.216662	 5.212265
210.696523	 5.208198
211.177503	 5.204259
211.659602	 5.200448
212.142823	 5.196766
212.627167	 5.193211
213.112637	 5.189782
213.599235	 5.186481
214.086962	 5.183306
214.575820	 5.180257
215.065812	 5.177333
215.556939	 5.174535
216.049203	 5.171862
216.542607	 5.169313
217.037151	 5.166888
217.532839	 5.164587
218.029672	 5.162410
218.527651	 5.160356
219.026779	 5.158425
219.527059	 5.156617
220.028491	 5.154931
220.531078	 5.153367
221.034821	 5.151925
221.539724	 5.150604
222.045786	 5.149404
222.553012	 5.148326
223.061402	 5.147368
223.570958	 5.146531
224.081684	 5.145813
224.593579	 5.145216
225.106647	 5.144739
225.620889	 5.144381
226.136308	 5.144142
226.652905	 5.144023
227.170682	 5.144022
227.689642	 5.144140
228.209785	 5.144377
228.731115	 5.144731
229.253633	 5.145204
229.777342	 5.145795
230.302242	 5.146504
230.828337	 5.147330
231.355627	 5.148274
231.884116	 5.149335
232.413804	 5.150514
232.944695	 5.151809
233.476789	 5.153221
234.010090	 5.154750
234.544598	 5.156396
235.080316	 5.158158
235.617246	 5.160037
236.155390	 5.162032
236.694750	 5.164143
237.235328	 5.166370
237.777125	 5.168714
238.320144	 5.171173
238.864387	 5.173749
239.409855	 5.176440
239.956551	 5.179247
240.504477	 5.182170
241.053634	 5.185208
241.604025	 5.188363
242.155652	 5.191632
242.708516	 5.195018
243.262619	 5.198519
243.817964	 5.202135
244.374552	 5.205868
244.932386	 5.209715
245.491467	 5.213678
246.051798	 5.217757
246.613379	 5.221952
247.176214	 5.226262
247.740305	 5.230687
248.305652	 5.235228
248.872259	 5.239885
249.440126	 5.244658
250.009257	 5.249546
250.579653	 5.254550
251.151315	 5.259670
251.724247	 5.264906
252.298449	 5.270258
252.873925	 5.275727
253.450675	 5.281311
254.028701	 5.287012
254.608007	 5.292829
255.188593	 5.298762
255.770461	 5.304812
256.353614	 5.310979
256.938053	 5.317263
257.523781	 5.323663
258.110799	 5.330181
258.699109	 5.336816
259.288713	 5.343568
259.879613	 5.350438
260.471812	 5.357425
261.065310	 5.364530
261.660110	 5.371753
262.256213	 5.379095
262.853622	 5.386555
263.452339	 5.394133
264.052365	 5.401830
264.653702	 5.409646
265.256352	 5.417581
265.860318	 5.425636
266.465601	 5.433810
267.072202	 5.442104
267.680124	 5.450518
268.289369	 5.459052
268.899938	 5.467707
269.511833	 5.476482
270.125057	 5.485379
270.739611	 5.494396
271.355496	 5.503536
271.972716	 5.512797
272.591271	 5.522180
273.211164	 5.531686
273.832395	 5.541314
274.454968	 5.551065
275.078884	 5.560940
275.704145	 5.570938
276.330752	 5.581060
276.958708	 5.591306
277.588014	 5.601677
278.218672	 5.612173
278.850683	 5.622794
279.484051	 5.633540
280.118775	 5.644413
280.754859	 5.655412
281.392304	 5.666538
282.031112	 5.677790
282.671284	 5.689170
283.312822	 5.700678
283.955728	 5.712315
284.600004	 5.724080
285.245652	 5.735974
285.892672	 5.747997
286.541068	 5.760151
287.190840	 5.772435
287.841990	 5.784849
288.494521	 5.797395
289.148433	 5.810072
289.803729	 5.822882
290.460409	 5.835824
291.118477	 5.848900
291.777933	 5.862109
292.438779	 5.875452
293.101017	 5.888929
293.764648	 5.902542
294.429674	 5.916290
295.096097	 5.930175
295.763918	 5.944195
296.433139	 5.958353
297.103762	 5.972649
297.775787	 5.987083
298.449217	 6.001656
299.124053	 6.016368
299.800298	 6.031220
300.477951	 6.046213
301.157015	 6.061346
301.837492	 6.076622
302.519383	 6.092039
303.202689	 6.107600
303.887412	 6.123304
304.573553	 6.139152
305.261115	 6.155145
305.950098	 6.171283
306.640503	 6.187567
307.332333	 6.203998
308.025589	 6.220577
308.720272	 6.237303
309.416383	 6.254178
310.113925	 6.271203
310.812898	 6.288377
311.513304	 6.305703
312.215143	 6.323180
312.918419	 6.340809
313.623131	 6.358591
314.329281	 6.376527
315.036871	 6.394617
315.745902	 6.412863
316.456375	 6.431264
317.168291	 6.449823
317.881652	 6.468538
318.596459	 6.487413
319.312713	 6.506446
320.030416	 6.525639
320.749568	 6.544993
321.470171	 6.564508
322.192226	 6.584186
322.915734	 6.604027
323.640697	 6.624032
324.367115	 6.644203
325.094989	 6.664539
325.824321	 6.685041
326.555113	 6.705712
327.287364	 6.726551
328.021075	 6.747559
328.756249	 6.768737
329.492886	 6.790087
330.230987	 6.811609
330.970554	 6.833305
331.711586	 6.855174
332.454085	 6.877219
333.198052	 6.899439
333.943488	 6.921837
334.690394	 6.944412
335.438770	 6.967167
336.188618	 6.990102
336.939938	 7.013217
337.692732	 7.036515
338.447000	 7.059997
339.202742	 7.083662
339.959961	 7.107513
340.718655	 7.131550
341.478827	 7.155775
342.240477	 7.180188
343.003605	 7.204791
343.768213	 7.229585
344.534301	 7.254571
345.301869	 7.279750
346.070918	 7.305123
346.841449	 7.330692
347.613463	 7.356457
348.386959	 7.382421
349.161939	 7.408583
349.938403	 7.434945
350.716352	 7.461510
351.495785	 7.488276
352.276704	 7.515247
353.059108	 7.542423
353.842999	 7.569805
354.628376	 7.597396
355.415240	 7.625195
356.203591	 7.653205
356.993430	 7.681426
357.784757	 7.709861
358.577572	 7.738510
359.371875	 7.767375
360.167666	 7.796457
360.964946	 7.825757
361.763715	 7.855278
362.563973	 7.885020
363.365720	 7.914984
364.168955	 7.945173
364.973680	 7.975587
365.779894	 8.006229
366.587598	 8.037099
367.396790	 8.068200
368.207471	 8.099532
369.019641	 8.131097
369.833300	 8.162896
370.648447	 8.194932
371.465082	 8.227206
372.283206	 8.259719
373.102818	 8.292473
373.923917	 8.325469
374.746504	 8.358710
375.570577	 8.392196
376.396137	 8.425930
377.223183	 8.459913
378.051715	 8.494146
378.881732	 8.528632
379.713234	 8.563372
380.546220	 8.598368
381.380690	 8.633622
382.216643	 8.669135
383.054078	 8.704909
383.892994	 8.740946
384.733392	 8.777247
385.575270	 8.813815
386.418627	 8.850651
387.263463	 8.887758
388.109777	 8.925136
388.957568	 8.962789
389.806834	 9.000717
390.657576	 9.038923
391.509791	 9.077408
392.363479	 9.116175
393.218640	 9.155225
394.075270	 9.194561
394.933371	 9.234184
395.792940	 9.274097
396.653976	 9.314301
397.516478	 9.354798
398.380444	 9.395591
399.245874	 9.436682
400.112765	 9.478072
400.981117	 9.519765
401.850927	 9.561761
402.722195	 9.604063
403.594919	 9.646673
404.469096	 9.689594
405.344727	 9.732827
406.221808	 9.776375
407.100338	 9.820240
407.980315	 9.864424
408.861738	 9.908930
409.744604	 9.953760
410.628912	 9.998915
411.514659	 10.044399
412.401844	 10.090214
413.290465	 10.136362
414.180519	 10.182845
415.072004	 10.229667
415.964919	 10.276828
416.859260	 10.324332
417.755026	 10.372182
418.652214	 10.420379
419.550821	 10.468926
420.450846	 10.517825
421.352286	 10.567080
422.255138	 10.616692
423.159399	 10.666665
424.065068	 10.717000
424.972140	 10.767701
425.880614	 10.818770
426.790487	 10.870210
427.701756	 10.922023
428.614417	 10.974211
429.528469	 11.026779
430.443907	 11.079728
431.360729	 11.133061
432.278931	 11.186782
433.198511	 11.240892
434.119465	 11.295394
435.041790	 11.350292
435.965482	 11.405588
436.890539	 11.461285
437.816956	 11.517386
438.744729	 11.573894
439.673857	 11.630812
440.604334	 11.688142
441.536156	 11.745888
442.469322	 11.804053
443.403825	 11.862639
444.339663	 11.921650
445.276832	 11.981089
446.215326	 12.040959
447.155144	 12.101263
448.096279	 12.162004
449.038729	 12.223185
449.982488	 12.284809
450.927552	 12.346880
451.873918	 12.409400
452.821580	 12.472374
453.770534	 12.535804
454.720775	 12.599693
455.672299	 12.664045
456.625101	 12.728862
457.579177	 12.794150
458.534520	 12.859910
459.491127	 12.926146
460.448992	 12.992861
461.408110	 13.060060
462.368477	 13.127745
463.330086	 13.195919
464.292934	 13.264587
465.257013	 13.333752
466.222319	 13.403417
467.188847	 13.473586
468.156590	 13.544262
469.125544	 13.615449
470.095703	 13.687151
471.067060	 13.759371
472.039609	 13.832112
473.013346	 13.905380
473.988264	 13.979176
474.964357	 14.053506
475.941619	 14.128372
476.920043	 14.203778
477.899623	 14.279729
478.880354	 14.356228
479.862228	 14.433278
480.845239	 14.510884
481.829380	 14.589050
482.814645	 14.667779
483.801027	 14.747075
484.788520	 14.826942
485.777116	 14.907384
486.766808	 14.988406
487.757589	 15.070010
488.749453	 15.152202
489.742392	 15.234984
490.736398	 15.318362
491.731465	 15.402339
492.727585	 15.486919
493.724750	 15.572106
494.722953	 15.657904
495.722187	 15.744318
496.722443	 15.831352
497.723713	 15.919010
498.725991	 16.007295
499.729267	 16.096213
500.733534	 16.185767
501.738784	 16.275962
502.745007	 16.366801
503.752197	 16.458290
504.760345	 16.550432
505.769442	 16.643232
506.779480	 16.736694
507.790449	 16.830822
508.802343	 16.925621
509.815150	 17.021095
510.828864	 17.117249
511.843474	 17.214086
512.858973	 17.311612
513.875350	 17.409830
514.892596	 17.508745
515.910703	 17.608361
516.929660	 17.708684
517.949460	 17.809717
518.970091	 17.911465
519.991544	 18.013932
521.013811	 18.117123
522.036880	 18.221042
523.060743	 18.325694
524.085389	 18.431084
525.110809	 18.537216
526.136991	 18.644094
527.163927	 18.751723
528.191606	 18.860107
529.220017	 18.969252
530.249151	 19.079162
531.278997	 19.189840
532.309544	 19.301293
533.340781	 19.413524
534.372699	 19.526538
535.405286	 19.640340
536.438531	 19.754934
537.472424	 19.870325
538.506953	 19.986518
539.542108	 20.103516
540.577877	 20.221325
541.614250	 20.339950
542.651214	 20.459394
543.688758	 20.579663
544.726872	 20.700761
545.765543	 20.822693
546.804761	 20.945463
547.844512	 21.069076
548.884786	 21.193536
549.925571	 21.318848
550.966855	 21.445017
552.008626	 21.572048
553.050872	 21.699943
554.093582	 21.828710
555.136741	 21.958351
556.180340	 22.088871
557.224365	 22.220276
558.268804	 22.352569
559.313645	 22.485755
560.358875	 22.619838
561.404482	 22.754823
562.450453	 22.890714
563.496775	 23.027517
564.543437	 23.165234
565.590424	 23.303871
566.637725	 23.443432
567.685326	 23.583921
568.733215	 23.725343
569.781379	 23.867702
570.829803	 24.011002
571.878477	 24.155248
572.927385	 24.300444
573.976516	 24.446593
575.025856	 24.593701
576.075392	 24.741772
577.125109	 24.890808
578.174996	 25.040816
579.225039	 25.191798
580.275223	 25.343758
581.325536	 25.496702
582.375965	 25.650632
583.426495	 25.805553
584.477113	 25.961468
585.527805	 26.118382
586.578558	 26.276298
587.629358	 26.435220
588.680191	 26.595152
589.731044	 26.756097
590.781903	 26.918059
591.832753	 27.081041
592.883582	 27.245048
593.934375	 27.410083
594.985118	 27.576149
596.035798	 27.743249
597.086400	 27.911387
598.136911	 28.080566
599.187317	 28.250790
600.237604	 28.422062
601.287757	 28.594384
602.337763	 28.767760
603.387609	 28.942193
604.437279	 29.117685
605.486760	 29.294240
606.536038	 29.471861
607.585099	 29.650550
608.633929	 29.830310
609.682515	 30.011143
610.730841	 30.193052
611.778895	 30.376040
612.826662	 30.560109
613.874128	 30.745260
614.921280	 30.931498
615.968104	 31.118823
617.014585	 31.307238
618.060711	 31.496744
619.106466	 31.687345
620.151838	 31.879041
621.196813	 32.071834
622.241376	 32.265726
623.285515	 32.460719
624.329215	 32.656814
625.372464	 32.854012
626.415247	 33.052315
627.457550	 33.251724
628.499362	 33.452241
629.540668	 33.653865
630.581454	 33.856599
631.621708	 34.060443
632.661416	 34.265398
633.700566	 34.471463
634.739143	 34.678641
635.777135	 34.886932
636.814529	 35.096334
637.851313	 35.306850
638.887472	 35.518479
639.922995	 35.731221
640.957869	 35.945076
641.992081	 36.160043
643.025618	 36.376123
644.058469	 36.593315
645.090621	 36.811618
646.122061	 37.031032
647.152778	 37.251556
648.182759	 37.473188
649.211993	 37.695929
650.240468	 37.919776
651.268171	 38.144729
652.295092	 38.370786
653.321218	 38.597946
654.346539	 38.826206
655.371043	 39.055565
656.394719	 39.286022
657.417555	 39.517573
658.439542	 39.750217
659.460667	 39.983952
660.480921	 40.218775
661.500293	 40.454684
662.518773	 40.691675
663.536349	 40.929747
664.553013	 41.168895
665.568754	 41.409117
666.583562	 41.650409
667.597428	 41.892769
668.610342	 42.136192
669.622295	 42.380675
670.633277	 42.626214
671.643280	 42.872805
672.652294	 43.120444
673.660311	 43.369126
674.667322	 43.618847
675.673319	 43.869603
676.678294	 44.121389
677.682238	 44.374200
678.685144	 44.628031
679.687004	 44.882877
680.687811	 45.138732
681.687556	 45.395591
682.686234	 45.653448
683.683837	 45.912298
684.680358	 46.172135
685.675791	 46.432952
686.670130	 46.694744
687.663368	 46.957503
688.655499	 47.221225
689.646517	 47.485901
690.636418	 47.751525
691.625195	 48.018089
692.612843	 48.285588
693.599359	 48.554013
694.584736	 48.823358
695.568970	 49.093614
696.552057	 49.364773
697.533994	 49.636829
698.514776	 49.909772
699.494399	 50.183595
700.472860	 50.458289
701.450157	 50.733845
702.426285	 51.010256
703.401243	 51.287512
704.375028	 51.565604
705.347637	 51.844523
706.319070	 52.124260
707.289323	 52.404806
708.258395	 52.686150
709.226286	 52.968284
710.192993	 53.251197
711.158517	 53.534879
712.122857	 53.819320
713.086012	 54.104511
714.047982	 54.390439
715.008768	 54.677096
715.968370	 54.964470
716.926788	 55.252550
717.884024	 55.541325
718.840079	 55.830784
719.794954	 56.120916
720.748650	 56.411710
721.701171	 56.703154
722.652517	 56.995236
723.602692	 57.287944
724.551698	 57.581266
725.499538	 57.875192
726.446215	 58.169707
727.391733	 58.464800
728.336095	 58.760459
729.279306	 59.056670
730.221370	 59.353422
731.162291	 59.650701
732.102074	 59.948494
733.040724	 60.246789
733.978246	 60.545572
734.914646	 60.844830
735.849929	 61.144549
736.784103	 61.444717
737.717172	 61.745319
738.649143	 62.046342
739.580024	 62.347772
740.509821	 62.649595
741.438542	 62.951797
742.366194	 63.254364
743.292785	 63.557282
744.218324	 63.860537
745.142817	 64.164113
746.066275	 64.467998
746.988706	 64.772176
747.910118	 65.076632
748.830522	 65.381353
749.749927	 65.686322
750.668343	 65.991526
751.585779	 66.296950
752.502246	 66.602578
753.417755	 66.908395
754.332316	 67.214387
755.245941	 67.520538
756.158640	 67.826834
757.070425	 68.133258
757.981308	 68.439795
758.891300	 68.746431
759.800415	 69.053149
760.708664	 69.359935
761.616060	 69.666772
762.522615	 69.973646
763.428344	 70.280541
764.333258	 70.587441
765.237373	 70.894330
766.140700	 71.201194
767.043255	 71.508016
767.945051	 71.814780
768.846102	 72.121472
769.746424	 72.428075
770.646031	 72.734574
771.544938	 73.040953
772.443159	 73.347197
773.340711	 73.653289
774.237609	 73.959215
775.133868	 74.264958
776.029504	 74.570502
776.924533	 74.875833
777.818972	 75.180935
778.712837	 75.485792
779.606145	 75.790388
780.498911	 76.094708
781.391154	 76.398737
782.282890	 76.702459
783.174136	 77.005859
784.064910	 77.308921
784.955228	 77.611631
785.845110	 77.913972
786.734572	 78.215930
787.623633	 78.517490
788.512310	 78.818637
789.400621	 79.119355
790.288586	 79.419629
791.176222	 79.719446
792.063548	 80.018789
792.950582	 80.317646
793.837344	 80.615999
794.723852	 80.913837
795.610125	 81.211143
796.496183	 81.507903
797.382044	 81.804104
798.267728	 82.099731
799.153253	 82.394770
800.038641	 82.689208
800.923909	 82.983030
801.809077	 83.276223
802.694166	 83.568773
803.579195	 83.860666
804.464184	 84.151890
805.349152	 84.442431
806.234120	 84.732277
807.119107	 85.021413
808.004133	 85.309828
808.889219	 85.597508
809.774384	 85.884442
810.659649	 86.170616
811.545033	 86.456018
812.430557	 86.740637
813.316242	 87.024461
814.202107	 87.307477
815.088172	 87.589674
815.974457	 87.871040
816.860984	 88.151565
817.747772	 88.431236
818.634841	 88.710044
819.522212	 88.987977
820.409904	 89.265024
821.297939	 89.541175
822.186336	 89.816420
823.075115	 90.090748
823.964296	 90.364150
824.853900	 90.636616
825.743947	 90.908136
826.634457	 91.178701
827.525449	 91.448301
828.416944	 91.716928
829.308961	 91.984572
830.201521	 92.251225
831.094643	 92.516879
831.988347	 92.781525
832.882653	 93.045155
833.777580	 93.307761
834.673148	 93.569336
835.569376	 93.829871
836.466284	 94.089360
837.363891	 94.347795
838.262217	 94.605170
839.161280	 94.861478
840.061100	 95.116712
840.961696	 95.370866
841.863086	 95.623934
842.765290	 95.875910
843.668326	 96.126788
844.572213	 96.376562
845.476970	 96.625228
846.382614	 96.872780
847.289165	 97.119214
848.196640	 97.364523
849.105058	 97.608705
850.014437	 97.851755
850.924794	 98.093668
851.836147	 98.334441
852.748515	 98.574070
853.661914	 98.812551
854.576362	 99.049882
855.491876	 99.286058
856.408474	 99.521078
857.326173	 99.754938
858.244989	 99.987635
859.164940	 100.219169
860.086042	 100.449535
861.008311	 100.678733
861.931765	 100.906761
862.856419	 101.133617
863.782289	 101.359299
864.709392	 101.583808
865.637744	 101.807140
866.567360	 102.029297
867.498255	 102.250276
868.430446	 102.470078
869.363948	 102.688703
870.298776	 102.906150
871.234945	 103.122419
872.172469	 103.337511
873.111365	 103.551426
874.051646	 103.764165
874.993326	 103.975728
875.936421	 104.186117
876.880945	 104.395332
877.826911	 104.603376
878.774334	 104.810248
879.723227	 105.015952
880.673604	 105.220488
881.625479	 105.423859
882.578865	 105.626067
883.533775	 105.827113
884.490222	 106.027001
885.448220	 106.225733
886.407781	 106.423311
887.368918	 106.619739
888.331644	 106.815019
889.295970	 107.009154
890.261909	 107.202148
891.229474	 107.394004
892.198676	 107.584725
893.169528	 107.774316
894.142040	 107.962779
895.116226	 108.150119
896.092095	 108.336340
897.069660	 108.521446
898.048931	 108.705440
899.029921	 108.888328
900.012639	 109.070114
900.997098	 109.250802
901.983306	 109.430398
902.971276	 109.608905
903.961017	 109.786329
904.952541	 109.962675
905.945856	 110.137947
906.940974	 110.312151
907.937904	 110.485293
908.936656	 110.657377
909.937241	 110.828408
910.939667	 110.998393
911.943944	 111.167338
912.950083	 111.335246
913.958091	 111.502125
914.967978	 111.667981
915.979755	 111.832818
916.993428	 111.996643
918.009008	 112.159463
919.026503	 112.321282
920.045923	 112.482108
921.067274	 112.641946
922.090567	 112.800802
923.115810	 112.958684
924.143011	 113.115597
925.172177	 113.271547
926.203318	 113.426542
927.236442	 113.580587
928.271556	 113.733690
929.308668	 113.885856
930.347787	 114.037092
931.388919	 114.187406
932.432073	 114.336803
933.477256	 114.485290
934.524476	 114.632875
935.573740	 114.779563
936.625055	 114.925362
937.678429	 115.070278
938.733870	 115.214319
939.791383	 115.357491
940.850976	 115.499800
941.912657	 115.641255
942.976432	 115.781861
944.042308	 115.921625
945.110291	 116.060556
946.180390	 116.198658
947.252610	 116.335940
948.326958	 116.472408
949.403440	 116.608070
950.482064	 116.742931
951.562835	 116.877000
952.645761	 117.010282
953.730847	 117.142785
954.818100	 117.274516
955.907526	 117.405482
956.999132	 117.535689
958.092924	 117.665145
959.188907	 117.793856
960.287088	 117.921829
961.387474	 118.049070
962.490069	 118.175588
963.594881	 118.301388
964.701915	 118.426478
965.811177	 118.550864
966.922674	 118.674553
968.036410	 118.797551
969.152392	 118.919865
970.270626	 119.041503
971.391117	 119.162470
972.513872	 119.282773
973.638896	 119.402419
974.766195	 119.521414
975.895774	 119.639766
977.027640	 119.757479
978.161798	 119.874562
979.298253	 119.991019
980.437011	 120.106859
981.578079	 120.222086
982.721461	 120.336708
983.867163	 120.450731
985.015191	 120.564160
986.165550	 120.677002
987.318247	 120.789264
988.473285	 120.900952
989.630672	 121.012071
990.790412	 121.122627
991.952512	 121.232627
993.116976	 121.342077
994.283811	 121.450982
995.453021	 121.559349
996.624612	 121.667183
997.798590	 121.774491
998.974961	 121.881277
1000.153729	 121.987548
1001.334901	 122.093309
1002.518481	 122.198566
1003.704476	 122.303324
1004.892891	 122.407590
1006.083731	 122.511368
1007.277003	 122.614665
1008.472711	 122.717484
1009.670861	 122.819833
1010.871459	 122.921715
1012.074510	 123.023137
1013.280019	 123.124104
1014.487994	 123.224620
1015.698438	 123.324691
1016.911358	 123.424323
1018.126759	 123.523519
1019.344647	 123.622285
1020.565027	 123.720626
1021.787906	 123.818547
1023.013288	 123.916052
1024.241179	 124.013147
1025.471586	 124.109836
1026.704514	 124.206124
1027.939968	 124.302015
1029.177955	 124.397515
1030.418480	 124.492627
1031.661548	 124.587356
1032.907166	 124.681707
1034.155340	 124.775684
1035.406075	 124.869291
1036.659376	 124.962533
1037.915251	 125.055414
1039.173705	 125.147938
1040.434743	 125.240109
1041.698372	 125.331932
1042.964598	 125.423411
1044.233426	 125.514548
1045.504862	 125.605350
1046.778913	 125.695819
1048.055585	 125.785959
1049.334883	 125.875774
1050.616813	 125.965269
1051.901383	 126.054446
1053.188597	 126.143310
1054.478462	 126.231863
1055.770985	 126.320111
1057.066171	 126.408056
1058.364026	 126.495701
1059.664557	 126.583051
1060.967770	 126.670109
1062.273671	 126.756878
1063.582267	 126.843361
1064.893563	 126.929562
1066.207567	 127.015485
1067.524285	 127.101131
1068.843722	 127.186505
1070.165887	 127.271610
1071.490784	 127.356449
1072.818420	 127.441024
1074.148802	 127.525339
1075.481937	 127.609397
1076.817831	 127.693201
1078.156491	 127.776753
1079.497922	 127.860057
1080.842133	 127.943115
1082.189129	 128.025930
1083.538918	 128.108505
1084.891505	 128.190842
1086.246898	 128.272945
1087.605104	 128.354816
1088.966129	 128.436457
1090.329980	 128.517871
1091.696664	 128.599060
1093.066188	 128.680028
1094.438559	 128.760775
1095.813783	 128.841306
1097.191869	 128.921622
1098.572822	 129.001725
1099.956650	 129.081619
1101.343360	 129.161304
1102.732958	 129.240784
1104.125453	 129.320060
1105.520851	 129.399135
1106.919160	 129.478011
1108.320386	 129.556690
1109.724537	 129.635174
1111.131620	 129.713465
1112.541642	 129.791565
1113.954611	 129.869477
1115.370534	 129.947201
1116.789419	 130.024741
1118.211272	 130.102097
1119.636102	 130.179272
1121.063915	 130.256267
1122.494720	 130.333085
1123.928523	 130.409728
1125.365333	 130.486196
1126.805157	 130.562491
1128.248002	 130.638616
1129.693876	 130.714572
1131.142788	 130.790361
1132.594743	 130.865984
1134.049751	 130.941442
1135.507819	 131.016738
1136.968955	 131.091873
1138.433166	 131.166849
1139.900461	 131.241666
1141.370847	 131.316327
1142.844332	 131.390833
1144.320924	 131.465185
1145.800632	 131.539384
1147.283463	 131.613433
1148.769424	 131.687332
1150.258525	 131.761082
1151.750773	 131.834686
1153.246177	 131.908144
1154.744743	 131.981457
1156.246482	 132.054628
1157.751400	 132.127656
1159.259507	 132.200543
1160.770809	 132.273291
1162.285316	 132.345900
1163.803036	 132.418372
1165.323978	 132.490708
1166.848148	 132.562909
1168.375557	 132.634975
1169.906212	 132.706909
1171.440122	 132.778710
1172.977296	 132.850381
1174.517741	 132.921922
1176.061466	 132.993334
1177.608480	 133.064618
1179.158792	 133.135775
1180.712410	 133.206806
1182.269343	 133.277712
1183.829599	 133.348493
1185.393187	 133.419152
1186.960117	 133.489688
1188.530396	 133.560102
1190.104033	 133.630395
1191.681038	 133.700569
1193.261418	 133.770624
1194.845184	 133.840560
1196.432344	 133.910379
1198.022906	 133.980081
1199.616881	 134.049667
1201.214276	 134.119137
1202.815101	 134.188494
1204.419365	 134.257736
1206.027077	 134.326866
1207.638245	 134.395883
1209.252880	 134.464788
1210.870991	 134.533583
1212.492586	 134.602267
1214.117674	 134.670841
1215.746266	 134.739306
1217.378370	 134.807663
1219.013996	 134.875912
1220.653152	 134.944054
1222.295849	 135.012089
1223.942095	 135.080018
1225.591901	 135.147841
1227.245275	 135.215560
1228.902227	 135.283174
1230.562766	 135.350684
1232.226902	 135.418091
1233.894646	 135.485395
1235.566005	 135.552597
1237.240990	 135.619697
1238.919610	 135.686695
1240.601876	 135.753593
1242.287796	 135.820391
1243.977381	 135.887088
1245.670640	 135.953686
1247.367583	 136.020186
1249.068220	 136.086586
1250.772560	 136.152889
1252.480615	 136.219094
1254.192392	 136.285201
1255.907903	 136.351212
1257.627158	 136.417126
1259.350165	 136.482944
1261.076936	 136.548667
1262.807480	 136.614294
1264.541808	 136.679826
1266.279929	 136.745264
1268.021854	 136.810608
1269.767593	 136.875858
1271.517155	 136.941014
1273.270552	 137.006077
1275.027793	 137.071047
1276.788889	 137.135925
1278.553850	 137.200711
1280.322686	 137.265405
1282.095407	 137.330008
1283.872025	 137.394519
1285.652549	 137.458939
1287.436989	 137.523269
1289.225357	 137.587508
1291.017663	 137.651658
1292.813917	 137.715717
1294.614130	 137.779687
1296.418312	 137.843568
1298.226474	 137.907360
1300.038627	 137.971064
1301.854781	 138.034679
1303.674947	 138.098206
1305.499136	 138.161645
1307.327358	 138.224996
1309.159625	 138.288260
1310.995946	 138.351436
1312.836334	 138.414526
1314.680798	 138.477529
1316.529349	 138.540446
1318.381999	 138.603276
1320.238759	 138.666020
1322.099639	 138.728678
1323.964650	 138.791251
1325.833804	 138.853738
1327.707112	 138.916140
1329.584584	 138.978457
1331.466232	 139.040690
1333.352066	 139.102837
1335.242099	 139.164901
1337.136341	 139.226879
1339.034804	 139.288774
1340.937498	 139.350585
1342.844436	 139.412313
1344.755628	 139.473956
1346.671086	 139.535517
1348.590820	 139.596994
1350.514844	 139.658388
1352.443167	 139.719700
1354.375802	 139.780928
1356.312760	 139.842075
1358.254052	 139.903139
1360.199691	 139.964120
1362.149687	 140.025020
1364.104053	 140.085837
1366.062799	 140.146573
1368.025938	 140.207228
1369.993481	 140.267800
1371.965441	 140.328292
1373.941828	 140.388702
1375.922655	 140.449032
1377.907934	 140.509280
1379.897676	 140.569448
1381.891893	 140.629535
1383.890597	 140.689541
1385.893800	 140.749467
1387.901515	 140.809313
1389.913753	 140.869079
1391.930525	 140.928765
1393.951846	 140.988371
1395.977725	 141.047897
1398.008176	 141.107343
1400.043210	 141.166710
1402.082841	 141.225998
1404.127079	 141.285206
1406.175938	 141.344335
1408.229430	 141.403385
1410.287566	 141.462356
1412.350360	 141.521249
1414.417824	 141.580062
1416.489969	 141.638797
1418.566810	 141.697453
1420.648357	 141.756031
1422.734624	 141.814531
1424.825623	 141.872952
1426.921367	 141.931296
1429.021868	 141.989561
1431.127139	 142.047749
1433.237192	 142.105858
1435.352041	 142.163890
1437.471698	 142.221844
1439.596176	 142.279721
1441.725487	 142.337520
1443.859645	 142.395242
1445.998662	 142.452887
1448.142551	 142.510454
1450.291325	 142.567945
1452.444998	 142.625358
1454.603581	 142.682694
1456.767089	 142.739954
1458.935534	 142.797137
1461.108929	 142.854243
1463.287287	 142.911273
1465.470622	 142.968226
1467.658947	 143.025103
1469.852275	 143.081904
1472.050619	 143.138628
1474.253992	 143.195276
1476.462408	 143.251848
1478.675881	 143.308344
1480.894423	 143.364764
1483.118048	 143.421109
1485.346769	 143.477377
1487.580600	 143.533570
1489.819555	 143.589687
1492.063647	 143.645729
1494.312889	 143.701695
1496.567296	 143.757586
1498.826881	 143.813402
1501.091657	 143.869142
1503.361638	 143.924807
1505.636839	 143.980397
1507.917272	 144.035912
1510.202952	 144.091352
1512.493893	 144.146717
1514.790108	 144.202007
1517.091612	 144.257223
1519.398418	 144.312364
1521.710540	 144.367430
1524.027993	 144.422422
1526.350790	 144.477339
1528.678946	 144.532182
1531.012475	 144.586950
1533.351391	 144.641644
1535.695707	 144.696264
1538.045440	 144.750810
1540.400602	 144.805282
1542.761208	 144.859679
1545.127272	 144.914003
1547.498809	 144.968253
1549.875833	 145.022429
1552.258359	 145.076531
1554.646401	 145.130559
1557.039974	 145.184514
1559.439092	 145.238395
1561.843770	 145.292203
1564.254023	 145.345937
1566.669865	 145.399598
1569.091311	 145.453185
1571.518375	 145.506700
1573.951073	 145.560140
1576.389419	 145.613508
1578.833429	 145.666803
1581.283117	 145.720024
1583.738497	 145.773173
1586.199586	 145.826249
1588.666398	 145.879251
1591.138948	 145.932181
1593.617251	 145.985039
1596.101322	 146.037823
1598.591177	 146.090535
1601.086831	 146.143174
1603.588298	 146.195741
1606.095595	 146.248235
1608.608736	 146.300657
1611.127737	 146.353006
1613.652614	 146.405283
1616.183381	 146.457488
1618.720055	 146.509621
1621.262650	 146.561681
1623.811182	 146.613670
1626.365667	 146.665586
1628.926121	 146.717430
1631.492559	 146.769203
1634.064996	 146.820903
1636.643450	 146.872532
1639.227934	 146.924089
1641.818466	 146.975574
1644.415061	 147.026988
1647.017735	 147.078330
1649.626503	 147.129600
1652.241383	 147.180799
1654.862389	 147.231926
1657.489539	 147.282982
1660.122847	 147.333967
1662.762331	 147.384880
1665.408006	 147.435723
1668.059888	 147.486494
1670.717995	 147.537193
1673.382341	 147.587822
1676.052945	 147.638380
1678.729821	 147.688866
1681.412986	 147.739282
1684.102457	 147.789627
1686.798250	 147.839901
1689.500382	 147.890104
1692.208870	 147.940236
1694.923730	 147.990298
1697.644978	 148.040289
1700.372632	 148.090210
1703.106708	 148.140060
1705.847222	 148.189839
1708.594193	 148.239549
1711.347636	 148.289187
1714.107569	 148.338756
1716.874009	 148.388254
1719.646972	 148.437682
1722.426476	 148.487039
1725.212537	 148.536327
1728.005173	 148.585544
1730.804401	 148.634692
1733.610239	 148.683769
1736.422703	 148.732776
1739.241811	 148.781714
1742.067580	 148.830582
1744.900027	 148.879380
1747.739170	 148.928108
1750.585027	 148.976766
1753.437615	 149.025355
1756.296951	 149.073874
1759.163054	 149.122324
1762.035940	 149.170704
1764.915628	 149.219015
1767.802135	 149.267256
1770.695479	 149.315428
1773.595677	 149.363530
1776.502749	 149.411564
1779.416711	 149.459528
1782.337582	 149.507423
1785.265379	 149.555249
1788.200121	 149.603006
1791.141825	 149.650693
1794.090511	 149.698312
1797.046195	 149.745862
1800.008897	 149.793343
1802.978634	 149.840755
1805.955425	 149.888098
1808.939289	 149.935373
1811.930243	 149.982579
1814.928306	 150.029716
1817.933497	 150.076785
1820.945834	 150.123785
1823.965335	 150.170716
1826.992021	 150.217580
1830.025908	 150.264374
1833.067016	 150.311101
1836.115364	 150.357759
1839.170970	 150.404349
1842.233853	 150.450870
1845.304033	 150.497324
1848.381528	 150.543709
1851.466357	 150.590026
1854.558539	 150.636275
1857.658094	 150.682457
1860.765041	 150.728570
1863.879398	 150.774615
1867.001185	 150.820593
1870.130422	 150.866503
1873.267127	 150.912345
1876.411320	 150.958119
1879.563021	 151.003826
1882.722249	 151.049465
1885.889023	 151.095036
1889.063364	 151.140540
1892.245290	 151.185977
1895.434822	 151.231346
1898.631979	 151.276648
1901.836781	 151.321882
1905.049248	 151.367049
1908.269400	 151.412149
1911.497256	 151.457182
1914.732837	 151.502148
1917.976163	 151.547046
1921.227254	 151.591878
1924.486129	 151.636642
1927.752810	 151.681340
1931.027316	 151.725971
1934.309667	 151.770534
1937.599885	 151.815031
1940.897989	 151.859462
1944.204000	 151.903825
1947.517938	 151.948122
1950.839823	 151.992353
1954.169678	 152.036516
1957.507521	 152.080614
1960.853374	 152.124644
1964.207258	 152.168609
1967.569192	 152.212507
1970.939199	 152.256338
1974.317299	 152.300104
1977.703513	 152.343803
1981.097863	 152.387436
1984.500368	 152.431003
1987.911050	 152.474503
1991.329931	 152.517938
1994.757031	 152.561307
1998.192372	 152.604610
2001.635975	 152.647847
2005.087861	 152.691018
2008.548053	 152.734123
2012.016571	 152.777162
2015.493437	 152.820136
2018.978672	 152.863044
2022.472299	 152.905887
2025.974338	 152.948663
2029.484812	 152.991375
2033.003743	 153.034021
2036.531152	 153.076601
2040.067061	 153.119117
2043.611492	 153.161566
2047.164467	 153.203951
2050.726009	 153.246270
2054.296139	 153.288524
2057.874879	 153.330714
2061.462253	 153.372837
2065.058281	 153.414896
2068.662987	 153.456890
2072.276393	 153.498819
2075.898521	 153.540684
2079.529394	 153.582483
2083.169034	 153.624217
2086.817465	 153.665887
2090.474708	 153.707492
2094.140786	 153.749033
2097.815723	 153.790508
2101.499541	 153.831920
2105.192263	 153.873267
2108.893912	 153.914549
2112.604512	 153.955767
2116.324084	 153.996920
2120.052653	 154.038010
2123.790241	 154.079035
2127.536871	 154.119996
2131.292568	 154.160892
2135.057354	 154.201725
2138.831254	 154.242494
2142.614289	 154.283198
2146.406484	 154.323839
2150.207863	 154.364415
2154.018449	 154.404928
2157.838266	 154.445377
2161.667338	 154.485762
2165.505688	 154.526084
2169.353341	 154.566342
2173.210320	 154.606536
2177.076649	 154.646667
2180.952353	 154.686734
2184.837456	 154.726738
2188.731981	 154.766678
2192.635954	 154.806555
2196.549398	 154.846369
2200.472337	 154.886120
2204.404797	 154.925807
2208.346802	 154.965431
2212.298376	 155.004992
2216.259544	 155.044490
2220.230331	 155.083925
2224.210761	 155.123297
2228.200860	 155.162606
2232.200651	 155.201852
2236.210160	 155.241036
2240.229413	 155.280156
2244.258433	 155.319214
2248.297247	 155.358210
2252.345879	 155.397143
2256.404354	 155.436013
2260.472699	 155.474820
2264.550938	 155.513566
2268.639096	 155.552249
2272.737200	 155.590869
2276.845275	 155.629427
2280.963346	 155.667923
2285.091439	 155.706357
2289.229580	 155.744729
2293.377795	 155.783039
2297.536110	 155.821286
2301.704549	 155.859472
2305.883141	 155.897596
2310.071910	 155.935657
2314.270883	 155.973657
2318.480085	 156.011596
2322.699544	 156.049472
2326.929286	 156.087287
2331.169336	 156.125040
2335.419722	 156.162732
2339.680470	 156.200362
2343.951607	 156.237931
2348.233158	 156.275438
2352.525152	 156.312884
2356.827614	 156.350269
2361.140573	 156.387592
2365.464053	 156.424854
2369.798083	 156.462055
2374.142690	 156.499195
2378.497901	 156.536274
2382.863743	 156.573292
2387.240243	 156.610249
2391.627428	 156.647145
2396.025327	 156.683981
2400.433966	 156.720755
2404.853373	 156.757469
2409.283575	 156.794122
2413.724601	 156.830715
2418.176478	 156.867247
2422.639234	 156.903718
2427.112896	 156.940129
2431.597494	 156.976480
2436.093054	 157.012771
2440.599605	 157.049001
2445.117175	 157.085170
2449.645792	 157.121280
2454.185485	 157.157330
2458.736281	 157.193319
2463.298210	 157.229249
2467.871300	 157.265118
2472.455580	 157.300928
2477.051077	 157.336677
2481.657822	 157.372367
2486.275842	 157.407998
2490.905166	 157.443568
2495.545825	 157.479079
2500.197845	 157.514530
2504.861258	 157.549922
2509.536091	 157.585254
2514.222374	 157.620527
2518.920137	 157.655741
2523.629408	 157.690895
2528.350218	 157.725990
2533.082595	 157.761026
2537.826569	 157.796002
2542.582171	 157.830920
2547.349429	 157.865779
2552.128374	 157.900578
2556.919035	 157.935319
2561.721443	 157.970001
2566.535627	 158.004624
2571.361618	 158.039188
2576.199446	 158.073694
2581.049140	 158.108140
2585.910732	 158.142529
2590.784253	 158.176859
2595.669731	 158.211130
2600.567198	 158.245343
2605.476685	 158.279498
2610.398223	 158.313594
2615.331841	 158.347632
2620.277572	 158.381612
2625.235445	 158.415534
2630.205492	 158.449397
2635.187745	 158.483203
2640.182234	 158.516951
2645.188990	 158.550640
2650.208046	 158.584272
2655.239432	 158.617846
2660.283179	 158.651363
2665.339321	 158.684822
2670.407887	 158.718223
2675.488910	 158.751566
2680.582422	 158.784852
2685.688454	 158.818081
2690.807039	 158.851252
2695.938209	 158.884366
2701.081995	 158.917423
2706.238430	 158.950422
2711.407547	 158.983364
2716.589377	 159.016250
2721.783953	 159.049078
2726.991308	 159.081849
2732.211474	 159.114563
2737.444485	 159.147220
2742.690372	 159.179821
2747.949168	 159.212365
2753.220907	 159.244852
2758.505622	 159.277282
2763.803345	 159.309656
2769.114111	 159.341973
2774.437951	 159.374234
2779.774900	 159.406439
2785.124992	 159.438587
2790.488258	 159.470679
2795.864734	 159.502714
2801.254452	 159.534694
2806.657448	 159.566617
2812.073753	 159.598484
2817.503403	 159.630296
2822.946432	 159.662051
2828.402873	 159.693750
2833.872761	 159.725394
2839.356130	 159.756982
2844.853014	 159.788514
2850.363448	 159.819991
2855.887467	 159.851412
2861.425105	 159.882777
2866.976396	 159.914087
2872.541376	 159.945342
2878.120080	 159.976541
2883.712542	 160.007685
2889.318797	 160.038774
2894.938881	 160.069807
2900.572829	 160.100786
2906.220677	 160.131709
2911.882459	 160.162577
2917.558211	 160.193391
2923.247969	 160.224150
2928.951768	 160.254853
2934.669645	 160.285503
2940.401634	 160.316097
2946.147773	 160.346637
2951.908096	 160.377122
2957.682641	 160.407553
2963.471443	 160.437929
2969.274539	 160.468251
2975.091965	 160.498518
2980.923758	 160.528732
2986.769954	 160.558891
2992.630590	 160.588996
2998.505702	 160.619046
3004.395328	 160.649043
3010.299504	 160.678986
3016.218267	 160.708875
3022.151656	 160.738710
3028.099706	 160.768492
3034.062455	 160.798219
3040.039940	 160.827893
3046.032200	 160.857514
3052.039272	 160.887080
3058.061192	 160.916594
3064.098000	 160.946054
3070.149733	 160.975460
3076.216429	 161.004814
3082.298126	 161.034114
3088.394862	 161.063361
3094.506676	 161.092554
3100.633605	 161.121695
3106.775689	 161.150783
3112.932965	 161.179818
3119.105473	 161.208800
3125.293252	 161.237729
3131.496339	 161.266605
3137.714774	 161.295429
3143.948597	 161.324200
3150.197845	 161.352919
3156.462559	 161.381585
3162.742777	 161.410199
3169.038540	 161.438760
3175.349886	 161.467269
3181.676855	 161.495726
3188.019488	 161.524130
3194.377823	 161.552483
3200.751901	 161.580783
3207.141762	 161.609031
3213.547445	 161.637228
3219.968992	 161.665372
3226.406441	 161.693465
3232.859835	 161.721506
3239.329213	 161.749495
3245.814616	 161.777433
3252.316084	 161.805319
3258.833659	 161.833154
3265.367381	 161.860937
3271.917292	 161.888669
3278.483432	 161.916349
3285.065843	 161.943978
3291.664566	 161.971556
3298.279643	 161.999083
3304.911115	 162.026559
3311.559023	 162.053984
3318.223410	 162.081358
3324.904317	 162.108681
3331.601786	 162.135953
3338.315860	 162.163175
3345.046580	 162.190346
3351.793989	 162.217466
3358.558130	 162.244535
