100.000000	 10.000000
100.216072	 9.934681
100.432773	 9.869932
100.650103	 9.805749
100.868063	 9.742127
101.086654	 9.679060
101.305878	 9.616545
101.525734	 9.554577
101.746223	 9.493150
101.967347	 9.432260
102.189106	 9.371902
102.411502	 9.312072
102.634534	 9.252765
102.858204	 9.193977
103.082512	 9.135703
103.307460	 9.077939
103.533049	 9.020680
103.759278	 8.963922
103.986150	 8.907661
104.213664	 8.851892
104.441823	 8.796612
104.670626	 8.741816
104.900075	 8.687500
105.130170	 8.633659
105.360913	 8.580291
105.592304	 8.527390
105.824345	 8.474953
106.057035	 8.422976
106.290377	 8.371454
106.524371	 8.320385
106.759018	 8.269764
106.994318	 8.219587
107.230274	 8.169851
107.466885	 8.120552
107.704154	 8.071686
107.942080	 8.023249
108.180664	 7.975239
108.419908	 7.927650
108.659813	 7.880481
108.900380	 7.833726
109.141609	 7.787384
109.383502	 7.741449
109.626059	 7.695920
109.869282	 7.650792
110.113171	 7.606062
110.357728	 7.561727
110.602954	 7.517783
110.848849	 7.474227
111.095415	 7.431056
111.342652	 7.388267
111.590562	 7.345857
111.839146	 7.303822
112.088405	 7.262159
112.338340	 7.220865
112.588951	 7.179938
112.840241	 7.139373
113.092209	 7.099169
113.344857	 7.059322
113.598187	 7.019828
113.852198	 6.980686
114.106893	 6.941893
114.362273	 6.903445
114.618338	 6.865339
114.875089	 6.827573
115.132528	 6.790144
115.390656	 6.753050
115.649473	 6.716287
115.908982	 6.679853
116.169182	 6.643745
116.430076	 6.607960
116.691664	 6.572496
116.953948	 6.537350
117.216928	 6.502520
117.480606	 6.468004
117.744983	 6.433797
118.010060	 6.399899
118.275838	 6.366306
118.542318	 6.333016
118.809502	 6.300027
119.077391	 6.267335
119.345986	 6.234940
119.615287	 6.202838
119.885297	 6.171027
120.156016	 6.139505
120.427446	 6.108269
120.699587	 6.077318
120.972442	 6.046648
121.246010	 6.016258
121.520295	 5.986145
121.795295	 5.956307
122.071014	 5.926742
122.347452	 5.897448
122.624610	 5.868423
122.902489	 5.839664
123.181091	 5.811170
123.460418	 5.782938
123.740469	 5.754967
124.021247	 5.727253
124.302753	 5.699796
124.584988	 5.672593
124.867953	 5.645643
125.151650	 5.618942
125.436080	 5.592490
125.721243	 5.566284
126.007142	 5.540323
126.293778	 5.514604
126.581152	 5.489126
126.869265	 5.463887
127.158119	 5.438885
127.447714	 5.414117
127.738053	 5.389584
128.029136	 5.365281
128.320965	 5.341209
128.613541	 5.317364
128.906866	 5.293746
129.200941	 5.270353
129.495766	 5.247182
129.791344	 5.224232
130.087676	 5.201502
130.384764	 5.178989
130.682607	 5.156693
130.981209	 5.134611
131.280570	 5.112743
131.580691	 5.091085
131.881575	 5.069637
132.183222	 5.048398
132.485633	 5.027365
132.788811	 5.006537
133.092757	 4.985912
133.397471	 4.965490
133.702956	 4.945268
134.009212	 4.925245
134.316242	 4.905419
134.624046	 4.885790
134.932626	 4.866356
135.241983	 4.847114
135.552120	 4.828065
135.863036	 4.809206
136.174734	 4.790536
136.487216	 4.772054
136.800481	 4.753758
137.114533	 4.735647
137.429373	 4.717719
137.745001	 4.699974
138.061420	 4.682410
138.378630	 4.665026
138.696634	 4.647820
139.015432	 4.630791
139.335027	 4.613938
139.655419	 4.597260
139.976611	 4.580755
140.298604	 4.564422
140.621398	 4.548261
140.944996	 4.532269
141.269400	 4.516445
141.594610	 4.500789
141.920628	 4.485300
142.247457	 4.469975
142.575096	 4.454815
142.903548	 4.439817
143.232814	 4.424981
143.562896	 4.410305
143.893796	 4.395789
144.225514	 4.381431
144.558053	 4.367231
144.891414	 4.353187
145.225598	 4.339298
145.560608	 4.325563
145.896444	 4.311982
146.233108	 4.298552
146.570602	 4.285274
146.908927	 4.272146
147.248086	 4.259166
147.588079	 4.246335
147.928907	 4.233651
148.270574	 4.221113
148.613080	 4.208721
148.956426	 4.196472
149.300615	 4.184367
149.645649	 4.172404
149.991527	 4.160583
150.338254	 4.148902
150.685829	 4.137361
151.034254	 4.125959
151.383532	 4.114695
151.733663	 4.103568
152.084650	 4.092576
152.436494	 4.081721
152.789196	 4.070999
153.142759	 4.060411
153.497184	 4.049956
153.852472	 4.039633
154.208626	 4.029441
154.565646	 4.019380
154.923535	 4.009448
155.282295	 3.999645
155.641926	 3.989970
156.002431	 3.980422
156.363811	 3.971000
156.726068	 3.961704
157.089204	 3.952534
157.453220	 3.943487
157.818119	 3.934564
158.183900	 3.925764
158.550568	 3.917086
158.918122	 3.908529
159.286565	 3.900092
159.655899	 3.891776
160.026125	 3.883579
160.397245	 3.875501
160.769261	 3.867540
161.142174	 3.859697
161.515987	 3.851971
161.890700	 3.844360
162.266316	 3.836865
162.642836	 3.829484
163.020263	 3.822218
163.398597	 3.815065
163.777841	 3.808024
164.157997	 3.801096
164.539065	 3.794280
164.921049	 3.787575
165.303949	 3.780980
165.687767	 3.774495
166.072506	 3.768119
166.458167	 3.761852
166.844752	 3.755693
167.232262	 3.749642
167.620699	 3.743698
168.010066	 3.737861
168.400364	 3.732129
168.791594	 3.726503
169.183759	 3.720982
169.576861	 3.715566
169.970900	 3.710253
170.365880	 3.705044
170.761801	 3.699937
171.158666	 3.694934
171.556476	 3.690032
171.955234	 3.685232
172.354941	 3.680532
172.755599	 3.675933
173.157209	 3.671435
173.559774	 3.667036
173.963296	 3.662736
174.367776	 3.658535
174.773216	 3.654432
175.179618	 3.650427
175.586984	 3.646520
175.995316	 3.642710
176.404616	 3.638996
176.814885	 3.635379
177.226125	 3.631857
177.638338	 3.628431
178.051527	 3.625100
178.465692	 3.621863
178.880837	 3.618721
179.296962	 3.615673
179.714070	 3.612718
180.132162	 3.609856
180.551241	 3.607087
180.971308	 3.604411
181.392365	 3.601827
181.814415	 3.599334
182.237458	 3.596933
182.661498	 3.594623
183.086535	 3.592404
183.512572	 3.590275
183.939611	 3.588236
184.367654	 3.586287
184.796702	 3.584428
185.226758	 3.582657
185.657823	 3.580976
186.089899	 3.579383
186.522989	 3.577879
186.957094	 3.576462
187.392216	 3.575133
187.828357	 3.573892
188.265520	 3.572738
188.703705	 3.571671
189.142916	 3.570691
189.583153	 3.569797
190.024419	 3.568989
190.466717	 3.568267
190.910047	 3.567631
191.354412	 3.567080
191.799813	 3.566614
192.246254	 3.566234
192.693735	 3.565938
193.142259	 3.565727
193.591828	 3.565600
194.042443	 3.565557
194.494107	 3.565598
194.946822	 3.565723
195.400590	 3.565932
195.855412	 3.566224
196.311291	 3.566599
196.768228	 3.567056
197.226226	 3.567597
197.685287	 3.568220
198.145413	 3.568926
198.606605	 3.569714
199.068866	 3.570585
199.532198	 3.571537
199.996602	 3.572571
200.462081	 3.573686
200.928637	 3.574884
201.396272	 3.576162
201.864988	 3.577522
202.334786	 3.578963
202.805670	 3.580485
203.277640	 3.582088
203.750700	 3.583771
204.224850	 3.585536
204.700093	 3.587381
205.176432	 3.589306
205.653868	 3.591311
206.132402	 3.593397
206.612038	 3.595563
207.092778	 3.597809
207.574622	 3.600135
208.057574	 3.602541
208.541636	 3.605027
209.026809	 3.607592
209.513095	 3.610238
210.000498	 3.612962
210.489017	 3.615767
210.978657	 3.618650
211.469418	 3.621614
211.961304	 3.624656
212.454315	 3.627778
212.948454	 3.630980
213.443723	 3.634260
213.940125	 3.637620
214.437660	 3.641059
214.936332	 3.644578
215.436143	 3.648175
215.937094	 3.651852
216.439187	 3.655608
216.942425	 3.659443
217.446810	 3.663357
217.952343	 3.667350
218.459028	 3.671423
218.966865	 3.675574
219.475858	 3.679805
219.986008	 3.684115
220.497316	 3.688504
221.009787	 3.692972
221.523420	 3.697520
222.038220	 3.702147
222.554186	 3.706853
223.071323	 3.711639
223.589631	 3.716504
224.109113	 3.721449
224.629772	 3.726473
225.151608	 3.731576
225.674625	 3.736760
226.198823	 3.742023
226.724207	 3.747366
227.250776	 3.752788
227.778535	 3.758291
228.307484	 3.763873
228.837626	 3.769536
229.368962	 3.775279
229.901496	 3.781102
230.435229	 3.787005
230.970163	 3.792989
231.506301	 3.799054
232.043644	 3.805199
232.582194	 3.811425
233.121954	 3.817732
233.662926	 3.824120
234.205112	 3.830589
234.748513	 3.837140
235.293133	 3.843771
235.838973	 3.850485
236.386035	 3.857280
236.934322	 3.864157
237.483835	 3.871116
238.034576	 3.878157
238.586549	 3.885280
239.139754	 3.892486
239.694194	 3.899775
240.249871	 3.907146
240.806787	 3.914600
241.364944	 3.922138
241.924344	 3.929759
242.484990	 3.937463
243.046884	 3.945251
243.610027	 3.953123
244.174421	 3.961079
244.740070	 3.969120
245.306974	 3.977245
245.875137	 3.985454
246.444559	 3.993749
247.015244	 4.002129
247.587192	 4.010594
248.160407	 4.019145
248.734891	 4.027782
249.310645	 4.036505
249.887672	 4.045314
250.465973	 4.054210
251.045551	 4.063193
251.626408	 4.072262
252.208546	 4.081420
252.791966	 4.090664
253.376672	 4.099997
253.962665	 4.109418
254.549947	 4.118927
255.138520	 4.128526
255.728387	 4.138213
256.319549	 4.147989
256.912009	 4.157855
257.505768	 4.167811
258.100828	 4.177857
258.697192	 4.187994
259.294862	 4.198222
259.893840	 4.208541
260.494127	 4.218951
261.095726	 4.229453
261.698639	 4.240047
262.302868	 4.250734
262.908415	 4.261514
263.515281	 4.272387
264.123470	 4.283353
264.732982	 4.294413
265.343821	 4.305568
265.955988	 4.316817
266.569484	 4.328161
267.184313	 4.339601
267.800476	 4.351136
268.417974	 4.362767
269.036811	 4.374496
269.656988	 4.386321
270.278507	 4.398243
270.901370	 4.410263
271.525578	 4.422381
272.151135	 4.434598
272.778042	 4.446914
273.406301	 4.459329
274.035913	 4.471845
274.666881	 4.484460
275.299207	 4.497177
275.932893	 4.509994
276.567941	 4.522913
277.204352	 4.535935
277.842129	 4.549059
278.481273	 4.562286
279.121786	 4.575616
279.763671	 4.589051
280.406929	 4.602590
281.051562	 4.616234
281.697572	 4.629984
282.344961	 4.643840
282.993731	 4.657802
283.643884	 4.671871
284.295421	 4.686048
284.948344	 4.700333
285.602656	 4.714727
286.258358	 4.729230
286.915452	 4.743843
287.573940	 4.758565
288.233823	 4.773399
288.895104	 4.788344
289.557784	 4.803402
290.221866	 4.818571
290.887350	 4.833854
291.554239	 4.849251
292.222534	 4.864762
292.892238	 4.880387
293.563352	 4.896129
294.235878	 4.911986
294.909817	 4.927961
295.585172	 4.944053
296.261943	 4.960262
296.940134	 4.976591
297.619745	 4.993039
298.300778	 5.009607
298.983236	 5.026295
299.667119	 5.043105
300.352429	 5.060037
301.039168	 5.077091
301.727338	 5.094269
302.416941	 5.111571
303.107977	 5.128997
303.800449	 5.146550
304.494358	 5.164228
305.189707	 5.182033
305.886495	 5.199966
306.584726	 5.218027
307.284400	 5.236218
307.985520	 5.254538
308.688087	 5.272989
309.392102	 5.291572
310.097566	 5.310286
310.804483	 5.329134
311.512852	 5.348115
312.222676	 5.367231
312.933955	 5.386482
313.646692	 5.405870
314.360888	 5.425394
315.076545	 5.445056
315.793663	 5.464858
316.512245	 5.484798
317.232291	 5.504879
317.953803	 5.525101
318.676783	 5.545466
319.401231	 5.565973
320.127150	 5.586624
320.854540	 5.607420
321.583404	 5.628362
322.313741	 5.649450
323.045554	 5.670686
323.778844	 5.692070
324.513612	 5.713604
325.249859	 5.735288
325.987587	 5.757123
326.726797	 5.779111
327.467490	 5.801251
328.209667	 5.823546
328.953330	 5.845997
329.698479	 5.868603
330.445116	 5.891367
331.193242	 5.914289
331.942858	 5.937370
332.693965	 5.960612
333.446564	 5.984015
334.200657	 6.007580
334.956244	 6.031309
335.713326	 6.055203
336.471905	 6.079262
337.231981	 6.103488
337.993556	 6.127882
338.756630	 6.152444
339.521204	 6.177177
340.287279	 6.202082
341.054856	 6.227159
341.823937	 6.252409
342.594521	 6.277834
343.366609	 6.303435
344.140204	 6.329213
344.915304	 6.355170
345.691912	 6.381306
346.470027	 6.407622
347.249651	 6.434121
348.030784	 6.460803
348.813427	 6.487670
349.597581	 6.514722
350.383246	 6.541962
351.170423	 6.569390
351.959112	 6.597007
352.749315	 6.624816
353.541031	 6.652816
354.334261	 6.681011
355.129006	 6.709400
355.925266	 6.737986
356.723042	 6.766770
357.522333	 6.795752
358.323141	 6.824936
359.125466	 6.854321
359.929308	 6.883909
360.734668	 6.913703
361.541546	 6.943702
362.349941	 6.973910
363.159855	 7.004326
363.971288	 7.034953
364.784239	 7.065793
365.598709	 7.096846
366.414698	 7.128114
367.232207	 7.159599
368.051235	 7.191302
368.871782	 7.223226
369.693848	 7.255370
370.517434	 7.287738
371.342539	 7.320330
372.169163	 7.353149
372.997307	 7.386196
373.826970	 7.419472
374.658151	 7.452979
375.490851	 7.486720
376.325070	 7.520695
377.160807	 7.554906
377.998062	 7.589356
378.836834	 7.624045
379.677124	 7.658975
380.518930	 7.694149
381.362253	 7.729569
382.207093	 7.765235
383.053447	 7.801149
383.901317	 7.837314
384.750701	 7.873732
385.601599	 7.910404
386.454011	 7.947332
387.307934	 7.984518
388.163370	 8.021964
389.020317	 8.059671
389.878775	 8.097643
390.738741	 8.135880
391.600217	 8.174385
392.463200	 8.213159
393.327691	 8.252205
394.193687	 8.291525
395.061188	 8.331121
395.930193	 8.370994
396.800701	 8.411148
397.672711	 8.451583
398.546221	 8.492302
399.421231	 8.533308
400.297738	 8.574602
401.175742	 8.616186
402.055242	 8.658063
402.936236	 8.700235
403.818722	 8.742704
404.702699	 8.785472
405.588167	 8.828542
406.475122	 8.871916
407.363564	 8.915596
408.253490	 8.959584
409.144900	 9.003883
410.037791	 9.048495
410.932162	 9.093422
411.828011	 9.138667
412.725335	 9.184233
413.624134	 9.230121
414.524404	 9.276334
415.426145	 9.322874
416.329354	 9.369745
417.234028	 9.416948
418.140166	 9.464486
419.047765	 9.512361
419.956824	 9.560577
420.867340	 9.609135
421.779309	 9.658038
422.692731	 9.707290
423.607603	 9.756891
424.523921	 9.806846
425.441684	 9.857157
426.360889	 9.907826
427.281533	 9.958857
428.203613	 10.010251
429.127126	 10.062012
430.052071	 10.114143
430.978443	 10.166646
431.906240	 10.219524
432.835458	 10.272780
433.766095	 10.326417
434.698148	 10.380437
435.631613	 10.434844
436.566487	 10.489641
437.502767	 10.544830
438.440449	 10.600414
439.379530	 10.656397
440.320007	 10.712782
441.261875	 10.769571
442.205132	 10.826767
443.149773	 10.884374
444.095794	 10.942395
445.043193	 11.000833
445.991965	 11.059690
446.942106	 11.118971
447.893612	 11.178678
448.846479	 11.238815
449.800703	 11.299384
450.756280	 11.360390
451.713205	 11.421835
452.671474	 11.483723
453.631083	 11.546056
454.592027	 11.608839
455.554302	 11.672075
456.517904	 11.735767
457.482826	 11.799918
458.449066	 11.864532
459.416617	 11.929613
460.385475	 11.995163
461.355635	 12.061187
462.327093	 12.127688
463.299842	 12.194670
464.273878	 12.262135
465.249196	 12.330088
466.225790	 12.398533
467.203655	 12.467473
468.182785	 12.536911
469.163175	 12.606851
470.144820	 12.677298
471.127713	 12.748255
472.111849	 12.819725
473.097222	 12.891712
474.083826	 12.964221
475.071655	 13.037254
476.060704	 13.110817
477.050965	 13.184912
478.042433	 13.259544
479.035102	 13.334716
480.028964	 13.410433
481.024014	 13.486698
482.020246	 13.563516
483.017652	 13.640891
484.016226	 13.718826
485.015961	 13.797325
486.016850	 13.876394
487.018886	 13.956035
488.022063	 14.036253
489.026373	 14.117052
490.031809	 14.198436
491.038364	 14.280410
492.046031	 14.362977
493.054802	 14.446142
494.064669	 14.529910
495.075625	 14.614284
496.087663	 14.699268
497.100774	 14.784868
498.114951	 14.871087
499.130186	 14.957929
500.146471	 15.045400
501.163798	 15.133504
502.182158	 15.222244
503.201544	 15.311626
504.221947	 15.401653
505.243358	 15.492331
506.265770	 15.583664
507.289174	 15.675656
508.313560	 15.768312
509.338920	 15.861636
510.365246	 15.955634
511.392528	 16.050309
512.420758	 16.145666
513.449926	 16.241710
514.480023	 16.338446
515.511040	 16.435877
516.542967	 16.534010
517.575795	 16.632848
518.609515	 16.732396
519.644117	 16.832659
520.679590	 16.933641
521.715927	 17.035349
522.753115	 17.137785
523.791147	 17.240955
524.830011	 17.344864
525.869697	 17.449516
526.910195	 17.554917
527.951495	 17.661070
528.993587	 17.767982
530.036460	 17.875657
531.080103	 17.984099
532.124506	 18.093314
533.169658	 18.203306
534.215548	 18.314080
535.262166	 18.425642
536.309500	 18.537996
537.357539	 18.651147
538.406273	 18.765099
539.455689	 18.879859
540.505777	 18.995430
541.556525	 19.111818
542.607922	 19.229027
543.659957	 19.347063
544.712616	 19.465931
545.765890	 19.585634
546.819765	 19.706179
547.874231	 19.827571
548.929275	 19.949813
549.984885	 20.072912
551.041049	 20.196872
552.097755	 20.321698
553.154991	 20.447395
554.212743	 20.573967
555.271001	 20.701421
556.329750	 20.829760
557.388980	 20.958989
558.448676	 21.089115
559.508827	 21.220140
560.569420	 21.352071
561.630441	 21.484912
562.691878	 21.618668
563.753717	 21.753344
564.815947	 21.888945
565.878553	 22.025475
566.941522	 22.162940
568.004841	 22.301343
569.068497	 22.440691
570.132477	 22.580987
571.196766	 22.722237
572.261352	 22.864445
573.326220	 23.007615
574.391358	 23.151753
575.456751	 23.296863
576.522386	 23.442950
577.588249	 23.590019
578.654325	 23.738073
579.720602	 23.887118
580.787065	 24.037158
581.853700	 24.188197
582.920493	 24.340240
583.987430	 24.493292
585.054496	 24.647357
586.121678	 24.802438
587.188962	 24.958541
588.256332	 25.115670
589.323775	 25.273829
590.391276	 25.433022
591.458821	 25.593254
592.526396	 25.754528
593.593985	 25.916849
594.661575	 26.080220
595.729151	 26.244646
596.796698	 26.410130
597.864201	 26.576677
598.931647	 26.744290
599.999020	 26.912973
601.066306	 27.082730
602.133490	 27.253564
603.200557	 27.425480
604.267493	 27.598480
605.334283	 27.772568
606.400911	 27.947748
607.467365	 28.124023
608.533627	 28.301396
609.599685	 28.479871
610.665523	 28.659450
611.731126	 28.840137
612.796480	 29.021936
613.861569	 29.204848
614.926379	 29.388876
615.990896	 29.574025
617.055104	 29.760296
618.118989	 29.947692
619.182536	 30.136215
620.245730	 30.325869
621.308557	 30.516655
622.371002	 30.708576
623.433051	 30.901635
624.494688	 31.095833
625.555899	 31.291172
626.616670	 31.487655
627.676986	 31.685283
628.736833	 31.884058
629.796197	 32.083982
630.855062	 32.285057
631.913414	 32.487284
632.971240	 32.690665
634.028525	 32.895200
635.085254	 33.100891
636.141415	 33.307740
637.196992	 33.515746
638.251971	 33.724912
639.306339	 33.935238
640.360082	 34.146724
641.413186	 34.359371
642.465637	 34.573180
643.517421	 34.788151
644.568526	 35.004284
645.618937	 35.221580
646.668641	 35.440037
647.717625	 35.659657
648.765875	 35.880439
649.813379	 36.102383
650.860122	 36.325487
651.906094	 36.549752
652.951279	 36.775176
653.995667	 37.001760
655.039243	 37.229501
656.081996	 37.458399
657.123913	 37.688452
658.164982	 37.919659
659.205191	 38.152018
660.244527	 38.385528
661.282979	 38.620187
662.320535	 38.855993
663.357183	 39.092944
664.392912	 39.331037
665.427710	 39.570270
666.461567	 39.810641
667.494470	 40.052147
668.526409	 40.294785
669.557373	 40.538552
670.587352	 40.783444
671.616335	 41.029460
672.644311	 41.276595
673.671271	 41.524845
674.697204	 41.774208
675.722101	 42.024678
676.745952	 42.276252
677.768747	 42.528926
678.790477	 42.782696
679.811132	 43.037556
680.830705	 43.293502
681.849186	 43.550530
682.866566	 43.808634
683.882838	 44.067810
684.897992	 44.328051
685.912021	 44.589353
686.924917	 44.851709
687.936672	 45.115114
688.947279	 45.379562
689.956730	 45.645047
690.965020	 45.911563
691.972140	 46.179102
692.978084	 46.447659
693.982846	 46.717227
694.986420	 46.987798
695.988799	 47.259366
696.989978	 47.531923
697.989952	 47.805462
698.988715	 48.079975
699.986263	 48.355454
700.982589	 48.631892
701.977691	 48.909280
702.971562	 49.187610
703.964201	 49.466873
704.955601	 49.747062
705.945761	 50.028167
706.934676	 50.310178
707.922343	 50.593088
708.908760	 50.876887
709.893923	 51.161565
710.877831	 51.447113
711.860482	 51.733521
712.841872	 52.020779
713.822002	 52.308876
714.800869	 52.597804
715.778472	 52.887551
716.754811	 53.178107
717.729885	 53.469460
718.703694	 53.761601
719.676237	 54.054518
720.647515	 54.348200
721.617528	 54.642635
722.586277	 54.937813
723.553763	 55.233721
724.519987	 55.530347
725.484952	 55.827680
726.448658	 56.125708
727.411108	 56.424418
728.372304	 56.723798
729.332249	 57.023835
730.290946	 57.324517
731.248398	 57.625830
732.204608	 57.927763
733.159580	 58.230302
734.113319	 58.533433
735.065828	 58.837143
736.017113	 59.141419
736.967177	 59.446247
737.916027	 59.751614
738.863667	 60.057505
739.810103	 60.363906
740.755342	 60.670804
741.699389	 60.978184
742.642251	 61.286031
743.583935	 61.594332
744.524448	 61.903072
745.463797	 62.212235
746.401990	 62.521808
747.339035	 62.831775
748.274939	 63.142121
749.209712	 63.452832
750.143361	 63.763891
751.075897	 64.075284
752.007328	 64.386995
752.937664	 64.699009
753.866914	 65.011310
754.795089	 65.323883
755.722199	 65.636712
756.648254	 65.949780
757.573266	 66.263072
758.497245	 66.576573
759.420203	 66.890266
760.342151	 67.204134
761.263101	 67.518163
762.183065	 67.832335
763.102056	 68.146634
764.020086	 68.461045
764.937169	 68.775550
765.853316	 69.090133
766.768542	 69.404778
767.682861	 69.719468
768.596285	 70.034187
769.508828	 70.348918
770.420507	 70.663645
771.331333	 70.978350
772.241324	 71.293018
773.150492	 71.607631
774.058854	 71.922174
774.966425	 72.236628
775.873221	 72.550978
776.779256	 72.865207
777.684548	 73.179297
778.589113	 73.493233
779.492967	 73.806998
780.396126	 74.120575
781.298607	 74.433947
782.200428	 74.747098
783.101606	 75.060011
784.002157	 75.372669
784.902100	 75.685056
785.801453	 75.997156
786.700232	 76.308951
787.598457	 76.620426
788.496145	 76.931564
789.393315	 77.242348
790.289986	 77.552763
791.186175	 77.862792
792.081903	 78.172418
792.977188	 78.481627
793.872049	 78.790400
794.766505	 79.098724
795.660576	 79.406581
796.554282	 79.713957
797.447642	 80.020834
798.340676	 80.327198
799.233404	 80.633033
800.125845	 80.938323
801.018021	 81.243053
801.909951	 81.547209
802.801655	 81.850773
803.693154	 82.153733
804.584469	 82.456071
805.475621	 82.757775
806.366629	 83.058829
807.257514	 83.359218
808.148298	 83.658928
809.039002	 83.957944
809.929646	 84.256254
810.820251	 84.553841
811.710839	 84.850693
812.601430	 85.146795
813.492046	 85.442135
814.382708	 85.736698
815.273437	 86.030471
816.164255	 86.323441
817.055183	 86.615595
817.946242	 86.906920
818.837453	 87.197404
819.728839	 87.487033
820.620420	 87.775796
821.512217	 88.063680
822.404253	 88.350673
823.296548	 88.636764
824.189124	 88.921941
825.082002	 89.206192
825.975204	 89.489506
826.868751	 89.771871
827.762665	 90.053278
828.656965	 90.333715
829.551675	 90.613172
830.446815	 90.891638
831.342405	 91.169103
832.238469	 91.445558
833.135025	 91.720992
834.032096	 91.995396
834.929703	 92.268761
835.827866	 92.541077
836.726606	 92.812336
837.625944	 93.082529
838.525901	 93.351648
839.426497	 93.619683
840.327753	 93.886628
841.229690	 94.152473
842.132327	 94.417212
843.035686	 94.680838
843.939786	 94.943342
844.844648	 95.204718
845.750291	 95.464959
846.656736	 95.724058
847.564002	 95.982010
848.472109	 96.238807
849.381077	 96.494445
850.290925	 96.748917
851.201673	 97.002218
852.113340	 97.254342
853.025944	 97.505285
853.939507	 97.755042
854.854045	 98.003608
855.769578	 98.250979
856.686124	 98.497150
857.603703	 98.742118
858.522333	 98.985879
859.442031	 99.228429
860.362816	 99.469766
861.284707	 99.709885
862.207720	 99.948785
863.131874	 100.186462
864.057186	 100.422914
864.983674	 100.658138
865.911355	 100.892134
866.840247	 101.124898
867.770365	 101.356430
868.701728	 101.586727
869.634351	 101.815790
870.568252	 102.043616
871.503447	 102.270204
872.439952	 102.495556
873.377784	 102.719669
874.316957	 102.942543
875.257489	 103.164180
876.199395	 103.384578
877.142690	 103.603738
878.087389	 103.821661
879.033509	 104.038348
879.981063	 104.253799
880.930068	 104.468016
881.880537	 104.680999
882.832485	 104.892751
883.785927	 105.103273
884.740877	 105.312567
885.697349	 105.520634
886.655357	 105.727477
887.614915	 105.933099
888.576037	 106.137501
889.538736	 106.340687
890.503026	 106.542659
891.468919	 106.743421
892.436429	 106.942974
893.405569	 107.141323
894.376351	 107.338471
895.348789	 107.534422
896.322894	 107.729179
897.298680	 107.922746
898.276157	 108.115128
899.255339	 108.306327
900.236237	 108.496349
901.218862	 108.685198
902.203228	 108.872879
903.189344	 109.059395
904.177223	 109.244752
905.166875	 109.428955
906.158312	 109.612008
907.151544	 109.793917
908.146583	 109.974687
909.143439	 110.154324
910.142123	 110.332832
911.142644	 110.510217
912.145014	 110.686485
913.149242	 110.861642
914.155339	 111.035693
915.163314	 111.208644
916.173177	 111.380501
917.184938	 111.551271
918.198606	 111.720959
919.214192	 111.889572
920.231703	 112.057116
921.251150	 112.223597
922.272541	 112.389022
923.295885	 112.553397
924.321192	 112.716729
925.348470	 112.879025
926.377728	 113.040291
927.408974	 113.200534
928.442216	 113.359761
929.477464	 113.517978
930.514726	 113.675193
931.554008	 113.831413
932.595321	 113.986644
933.638671	 114.140894
934.684066	 114.294170
935.731515	 114.446478
936.781025	 114.597826
937.832604	 114.748222
938.886258	 114.897672
939.941997	 115.046184
940.999826	 115.193764
942.059754	 115.340421
943.121788	 115.486161
944.185934	 115.630993
945.252201	 115.774922
946.320594	 115.917958
947.391121	 116.060106
948.463788	 116.201374
949.538604	 116.341771
950.615573	 116.481302
951.694704	 116.619976
952.776002	 116.757801
953.859475	 116.894782
954.945128	 117.030929
956.032968	 117.166247
957.123002	 117.300746
958.215236	 117.434431
959.309676	 117.567311
960.406329	 117.699393
961.505201	 117.830684
962.606297	 117.961191
963.709625	 118.090923
964.815189	 118.219885
965.922997	 118.348087
967.033054	 118.475534
968.145366	 118.602234
969.259939	 118.728194
970.376779	 118.853422
971.495891	 118.977925
972.617283	 119.101709
973.740958	 119.224783
974.866924	 119.347153
975.995186	 119.468826
977.125750	 119.589810
978.258620	 119.710111
979.393804	 119.829736
980.531307	 119.948692
981.671133	 120.066987
982.813290	 120.184627
983.957782	 120.301619
985.104615	 120.417970
986.253794	 120.533686
987.405326	 120.648774
988.559215	 120.763242
989.715468	 120.877095
990.874089	 120.990341
992.035084	 121.102985
993.198458	 121.215035
994.364218	 121.326496
995.532368	 121.437376
996.702914	 121.547681
997.875862	 121.657416
999.051216	 121.766589
1000.228983	 121.875206
1001.409168	 121.983272
1002.591775	 122.090795
1003.776812	 122.197779
1004.964282	 122.304232
1006.154192	 122.410159
1007.346547	 122.515566
1008.541352	 122.620459
1009.738613	 122.724844
1010.938336	 122.828727
1012.140525	 122.932113
1013.345186	 123.035009
1014.552325	 123.137419
1015.761948	 123.239351
1016.974059	 123.340808
1018.188664	 123.441797
1019.405769	 123.542323
1020.625379	 123.642391
1021.847500	 123.742008
1023.072137	 123.841177
1024.299296	 123.939905
1025.528982	 124.038197
1026.761201	 124.136057
1027.995959	 124.233491
1029.233262	 124.330505
1030.473114	 124.427102
1031.715521	 124.523288
1032.960490	 124.619068
1034.208026	 124.714446
1035.458134	 124.809428
1036.710820	 124.904018
1037.966090	 124.998220
1039.223950	 125.092040
1040.484406	 125.185483
1041.747463	 125.278551
1043.013127	 125.371251
1044.281403	 125.463586
1045.552299	 125.555561
1046.825819	 125.647180
1048.101970	 125.738448
1049.380758	 125.829368
1050.662188	 125.919945
1051.946266	 126.010183
1053.232998	 126.100086
1054.522391	 126.189658
1055.814451	 126.278903
1057.109182	 126.367825
1058.406593	 126.456428
1059.706688	 126.544715
1061.009474	 126.632691
1062.314957	 126.720359
1063.623143	 126.807723
1064.934038	 126.894786
1066.247649	 126.981553
1067.563982	 127.068026
1068.883043	 127.154209
1070.204839	 127.240106
1071.529375	 127.325720
1072.856658	 127.411054
1074.186696	 127.496111
1075.519493	 127.580896
1076.855056	 127.665411
1078.193393	 127.749659
1079.534509	 127.833644
1080.878410	 127.917368
1082.225105	 128.000835
1083.574598	 128.084047
1084.926898	 128.167008
1086.282009	 128.249721
1087.639940	 128.332188
1089.000697	 128.414412
1090.364286	 128.496396
1091.730714	 128.578143
1093.099989	 128.659656
1094.472116	 128.740937
1095.847103	 128.821989
1097.224957	 128.902815
1098.605684	 128.983416
1099.989292	 129.063796
1101.375787	 129.143957
1102.765177	 129.223902
1104.157468	 129.303633
1105.552667	 129.383152
1106.950783	 129.462461
1108.351821	 129.541564
1109.755788	 129.620462
1111.162693	 129.699158
1112.572543	 129.777653
1113.985343	 129.855950
1115.401103	 129.934051
1116.819828	 130.011959
1118.241527	 130.089674
1119.666207	 130.167200
1121.093875	 130.244538
1122.524538	 130.321691
1123.958205	 130.398659
1125.394881	 130.475446
1126.834576	 130.552053
1128.277297	 130.628482
1129.723050	 130.704734
1131.171844	 130.780812
1132.623687	 130.856717
1134.078585	 130.932451
1135.536547	 131.008015
1136.997581	 131.083413
1138.461693	 131.158644
1139.928893	 131.233711
1141.399187	 131.308615
1142.872584	 131.383357
1144.349091	 131.457941
1145.828716	 131.532366
1147.311468	 131.606635
1148.797354	 131.680748
1150.286382	 131.754708
1151.778560	 131.828515
1153.273897	 131.902172
1154.772399	 131.975679
1156.274077	 132.049038
1157.778936	 132.122250
1159.286987	 132.195317
1160.798236	 132.268239
1162.312693	 132.341019
1163.830365	 132.413657
1165.351261	 132.486154
1166.875388	 132.558512
1168.402757	 132.630732
1169.933373	 132.702815
1171.467247	 132.774762
1173.004387	 132.846574
1174.544800	 132.918253
1176.088496	 132.989799
1177.635483	 133.061214
1179.185770	 133.132498
1180.739365	 133.203653
1182.296276	 133.274680
1183.856513	 133.345579
1185.420084	 133.416351
1186.986998	 133.486998
1188.557263	 133.557521
1190.130889	 133.627920
1191.707884	 133.698196
1193.288256	 133.768350
1194.872015	 133.838383
1196.459170	 133.908296
1198.049729	 133.978089
1199.643702	 134.047765
1201.241097	 134.117322
1202.841923	 134.186763
1204.446190	 134.256087
1206.053906	 134.325296
1207.665081	 134.394391
1209.279723	 134.463371
1210.897842	 134.532239
1212.519447	 134.600994
1214.144547	 134.669637
1215.773151	 134.738170
1217.405269	 134.806592
1219.040909	 134.874904
1220.680082	 134.943107
1222.322796	 135.011202
1223.969061	 135.079189
1225.618886	 135.147068
1227.272281	 135.214842
1228.929255	 135.282509
1230.589818	 135.350071
1232.253978	 135.417527
1233.921747	 135.484880
1235.593132	 135.552129
1237.268144	 135.619275
1238.946793	 135.686318
1240.629087	 135.753259
1242.315037	 135.820098
1244.004653	 135.886836
1245.697944	 135.953473
1247.394920	 136.020011
1249.095590	 136.086448
1250.799965	 136.152786
1252.508054	 136.219026
1254.219868	 136.285167
1255.935416	 136.351211
1257.654708	 136.417156
1259.377754	 136.483005
1261.104564	 136.548757
1262.835148	 136.614413
1264.569516	 136.679974
1266.307678	 136.745438
1268.049645	 136.810808
1269.795426	 136.876083
1271.545032	 136.941264
1273.298472	 137.006351
1275.055758	 137.071344
1276.816899	 137.136244
1278.581905	 137.201052
1280.350787	 137.265766
1282.123556	 137.330389
1283.900221	 137.394919
1285.680793	 137.459359
1287.465282	 137.523706
1289.253699	 137.587963
1291.046054	 137.652130
1292.842359	 137.716206
1294.642622	 137.780192
1296.446856	 137.844088
1298.255069	 137.907895
1300.067275	 137.971613
1301.883481	 138.035241
1303.703701	 138.098782
1305.527943	 138.162233
1307.356219	 138.225597
1309.188540	 138.288873
1311.024917	 138.352061
1312.865359	 138.415162
1314.709879	 138.478176
1316.558487	 138.541102
1318.411194	 138.603943
1320.268010	 138.666696
1322.128948	 138.729364
1323.994017	 138.791946
1325.863229	 138.854442
1327.736595	 138.916852
1329.614126	 138.979177
1331.495834	 139.041417
1333.381728	 139.103572
1335.271821	 139.165642
1337.166123	 139.227628
1339.064647	 139.289529
1340.967402	 139.351346
1342.874401	 139.413080
1344.785655	 139.474729
1346.701175	 139.536295
1348.620972	 139.597778
1350.545059	 139.659177
1352.473445	 139.720493
1354.406143	 139.781727
1356.343165	 139.842877
1358.284522	 139.903946
1360.230224	 139.964931
1362.180285	 140.025835
1364.134716	 140.086656
1366.093527	 140.147396
1368.056732	 140.208053
1370.024341	 140.268629
1371.996367	 140.329124
1373.972821	 140.389537
1375.953714	 140.449869
1377.939060	 140.510120
1379.928869	 140.570290
1381.923154	 140.630380
1383.921926	 140.690389
1385.925197	 140.750317
1387.932980	 140.810165
1389.945286	 140.869932
1391.962128	 140.929620
1393.983517	 140.989227
1396.009466	 141.048755
1398.039987	 141.108203
1400.075091	 141.167572
1402.114792	 141.226860
1404.159101	 141.286070
1406.208030	 141.345200
1408.261593	 141.404251
1410.319800	 141.463223
1412.382666	 141.522116
1414.450201	 141.580931
1416.522418	 141.639666
1418.599331	 141.698323
1420.680950	 141.756902
1422.767290	 141.815402
1424.858362	 141.873824
1426.954179	 141.932168
1429.054753	 141.990433
1431.160097	 142.048621
1433.270225	 142.106731
1435.385148	 142.164763
1437.504879	 142.222717
1439.629431	 142.280594
1441.758817	 142.338393
1443.893050	 142.396115
1446.032142	 142.453760
1448.176107	 142.511327
1450.324957	 142.568817
1452.478705	 142.626230
1454.637365	 142.683567
1456.800949	 142.740826
1458.969471	 142.798009
1461.142942	 142.855115
1463.321378	 142.912144
1465.504790	 142.969097
1467.693193	 143.025973
1469.886598	 143.082774
1472.085020	 143.139497
1474.288471	 143.196145
1476.496966	 143.252717
1478.710517	 143.309212
1480.929138	 143.365632
1483.152842	 143.421975
1485.381643	 143.478243
1487.615554	 143.534435
1489.854588	 143.590552
1492.098760	 143.646593
1494.348083	 143.702559
1496.602570	 143.758449
1498.862235	 143.814263
1501.127092	 143.870003
1503.397155	 143.925667
1505.672437	 143.981257
1507.952952	 144.036771
1510.238714	 144.092210
1512.529737	 144.147574
1514.826034	 144.202864
1517.127620	 144.258078
1519.434509	 144.313218
1521.746714	 144.368284
1524.064250	 144.423274
1526.387131	 144.478191
1528.715371	 144.533033
1531.048983	 144.587800
1533.387983	 144.642493
1535.732384	 144.697112
1538.082201	 144.751657
1540.437448	 144.806128
1542.798139	 144.860525
1545.164288	 144.914847
1547.535911	 144.969096
1549.913021	 145.023271
1552.295633	 145.077372
1554.683761	 145.131400
1557.077420	 145.185353
1559.476625	 145.239234
1561.881390	 145.293040
1564.291730	 145.346773
1566.707659	 145.400433
1569.129192	 145.454020
1571.556345	 145.507533
1573.989131	 145.560973
1576.427565	 145.614339
1578.871664	 145.667633
1581.321440	 145.720853
1583.776910	 145.774001
1586.238088	 145.827076
1588.704989	 145.880077
1591.177628	 145.933006
1593.656022	 145.985862
1596.140183	 146.038646
1598.630128	 146.091356
1601.125873	 146.143995
1603.627431	 146.196560
1606.134819	 146.249053
1608.648052	 146.301474
1611.167145	 146.353822
1613.692113	 146.406098
1616.222972	 146.458302
1618.759738	 146.510434
1621.302426	 146.562493
1623.851051	 146.614481
1626.405629	 146.666396
1628.966176	 146.718239
1631.532708	 146.770010
1634.105239	 146.821710
1636.683786	 146.873338
1639.268365	 146.924893
1641.858992	 146.976378
1644.455681	 147.027790
1647.058450	 147.079131
1649.667314	 147.130400
1652.282290	 147.181598
1654.903392	 147.232724
1657.530637	 147.283779
1660.164042	 147.334763
1662.803622	 147.385675
1665.449394	 147.436516
1668.101374	 147.487286
1670.759578	 147.537985
1673.424022	 147.588612
1676.094723	 147.639169
1678.771697	 147.689654
1681.454961	 147.740069
1684.144531	 147.790413
1686.840423	 147.840686
1689.542654	 147.890888
1692.251241	 147.941019
1694.966200	 147.991080
1697.687549	 148.041070
1700.415303	 148.090989
1703.149479	 148.140838
1705.890095	 148.190617
1708.637166	 148.240325
1711.390711	 148.289962
1714.150745	 148.339529
1716.917287	 148.389026
1719.690352	 148.438453
1722.469958	 148.487810
1725.256122	 148.537096
1728.048861	 148.586313
1730.848192	 148.635459
1733.654133	 148.684535
1736.466701	 148.733541
1739.285912	 148.782478
1742.111786	 148.831345
1744.944338	 148.880141
1747.783586	 148.928868
1750.629548	 148.977526
1753.482241	 149.026114
1756.341683	 149.074632
1759.207891	 149.123080
1762.080883	 149.171459
1764.960677	 149.219769
1767.847291	 149.268009
1770.740742	 149.316180
1773.641048	 149.364281
1776.548227	 149.412314
1779.462297	 149.460277
1782.383275	 149.508171
1785.311181	 149.555995
1788.246031	 149.603751
1791.187845	 149.651438
1794.136640	 149.699055
1797.092434	 149.746604
1800.055245	 149.794084
1803.025092	 149.841495
1806.001994	 149.888837
1808.985968	 149.936111
1811.977033	 149.983316
1814.975208	 150.030452
1817.980510	 150.077520
1820.992959	 150.124519
1824.012572	 150.171449
1827.039370	 150.218311
1830.073370	 150.265105
1833.114591	 150.311830
1836.163052	 150.358487
1839.218772	 150.405076
1842.281769	 150.451597
1845.352063	 150.498049
1848.429672	 150.544433
1851.514616	 150.590749
1854.606914	 150.636997
1857.706584	 150.683178
1860.813646	 150.729290
1863.928119	 150.775334
1867.050022	 150.821311
1870.179375	 150.867219
1873.316197	 150.913060
1876.460508	 150.958834
1879.612326	 151.004539
1882.771672	 151.050177
1885.938564	 151.095748
1889.113023	 151.141251
1892.295068	 151.186686
1895.484719	 151.232054
1898.681996	 151.277355
1901.886917	 151.322588
1905.099504	 151.367755
1908.319776	 151.412853
1911.547753	 151.457885
1914.783455	 151.502850
1918.026902	 151.547747
1921.278114	 151.592578
1924.537111	 151.637341
1927.803914	 151.682038
1931.078542	 151.726667
1934.361017	 151.771230
1937.651357	 151.815726
1940.949585	 151.860155
1944.255719	 151.904518
1947.569781	 151.948814
1950.891791	 151.993043
1954.221770	 152.037206
1957.559739	 152.081302
1960.905717	 152.125332
1964.259726	 152.169295
1967.621787	 152.213192
1970.991920	 152.257023
1974.370147	 152.300787
1977.756488	 152.344485
1981.150964	 152.388117
1984.553597	 152.431683
1987.964407	 152.475183
1991.383416	 152.518616
1994.810645	 152.561984
1998.246115	 152.605286
2001.689847	 152.648522
2005.141863	 152.691692
2008.602185	 152.734796
2012.070833	 152.777834
2015.547830	 152.820807
2019.033196	 152.863714
2022.526954	 152.906555
2026.029125	 152.949331
2029.539731	 152.992042
2033.058794	 153.034687
2036.586335	 153.077266
2040.122377	 153.119780
2043.666942	 153.162229
2047.220051	 153.204613
2050.781726	 153.246931
2054.351991	 153.289184
2057.930866	 153.331372
2061.518374	 153.373495
2065.114538	 153.415553
2068.719380	 153.457546
2072.332922	 153.499474
2075.955186	 153.541337
2079.586196	 153.583135
2083.225974	 153.624869
2086.874542	 153.666538
2090.531923	 153.708142
2094.198139	 153.749681
2097.873215	 153.791156
2101.557172	 153.832566
2105.250033	 153.873912
2108.951822	 153.915193
2112.662561	 153.956410
2116.382274	 153.997563
2120.110983	 154.038651
2123.848712	 154.079675
2127.595485	 154.120635
2131.351323	 154.161531
2135.116252	 154.202362
2138.890294	 154.243130
2142.673472	 154.283834
2146.465811	 154.324473
2150.267333	 154.365049
2154.078063	 154.405561
2157.898025	 154.446009
2161.727241	 154.486393
2165.565737	 154.526714
2169.413535	 154.566971
2173.270660	 154.607164
2177.137135	 154.647294
2181.012986	 154.687360
2184.898236	 154.727363
2188.792909	 154.767302
2192.697029	 154.807178
2196.610621	 154.846991
2200.533709	 154.886740
2204.466318	 154.926427
2208.408472	 154.966050
2212.360196	 155.005610
2216.321514	 155.045107
2220.292452	 155.084541
2224.273033	 155.123912
2228.263282	 155.163220
2232.263225	 155.202465
2236.272887	 155.241648
2240.292291	 155.280767
2244.321465	 155.319824
2248.360432	 155.358819
2252.409217	 155.397750
2256.467847	 155.436620
2260.536346	 155.475426
2264.614739	 155.514171
2268.703053	 155.552853
2272.801313	 155.591472
2276.909543	 155.630029
2281.027771	 155.668525
2285.156021	 155.706957
2289.294319	 155.745328
2293.442692	 155.783637
2297.601164	 155.821883
2301.769762	 155.860068
2305.948512	 155.898191
2310.137441	 155.936252
2314.336573	 155.974251
2318.545936	 156.012188
2322.765555	 156.050063
2326.995458	 156.087877
2331.235669	 156.125630
2335.486217	 156.163320
2339.747127	 156.200949
2344.018426	 156.238517
2348.300141	 156.276024
2352.592298	 156.313468
2356.894924	 156.350852
2361.208046	 156.388175
2365.531692	 156.425436
2369.865887	 156.462636
2374.210659	 156.499775
2378.566036	 156.536853
2382.932044	 156.573870
2387.308711	 156.610826
2391.696063	 156.647721
2396.094129	 156.684556
2400.502936	 156.721329
2404.922512	 156.758042
2409.352883	 156.794694
2413.794079	 156.831286
2418.246125	 156.867817
2422.709051	 156.904288
2427.182885	 156.940698
2431.667653	 156.977048
2436.163385	 157.013337
2440.670107	 157.049566
2445.187850	 157.085735
2449.716640	 157.121844
2454.256506	 157.157892
2458.807476	 157.193881
2463.369579	 157.229809
2467.942844	 157.265678
2472.527298	 157.301487
2477.122971	 157.337236
2481.729892	 157.372925
2486.348088	 157.408554
2490.977590	 157.444123
2495.618426	 157.479633
2500.270624	 157.515084
2504.934215	 157.550475
2509.609227	 157.585806
2514.295689	 157.621078
2518.993631	 157.656291
2523.703082	 157.691444
2528.424072	 157.726538
2533.156631	 157.761573
2537.900787	 157.796549
2542.656570	 157.831465
2547.424011	 157.866323
2552.203138	 157.901121
2556.993983	 157.935861
2561.796574	 157.970542
2566.610943	 158.005164
2571.437118	 158.039728
2576.275131	 158.074232
2581.125012	 158.108678
2585.986790	 158.143066
2590.860497	 158.177395
2595.746162	 158.211665
2600.643817	 158.245877
2605.553492	 158.280031
2610.475218	 158.314126
2615.409025	 158.348163
2620.354945	 158.382142
2625.313009	 158.416063
2630.283247	 158.449926
2635.265690	 158.483731
2640.260371	 158.517477
2645.267319	 158.551166
2650.286567	 158.584797
2655.318146	 158.618371
2660.362087	 158.651886
2665.418422	 158.685344
2670.487183	 158.718744
2675.568401	 158.752087
2680.662108	 158.785372
2685.768336	 158.818600
2690.887117	 158.851770
2696.018484	 158.884883
2701.162468	 158.917939
2706.319101	 158.950937
2711.488416	 158.983879
2716.670445	 159.016763
2721.865220	 159.049590
2727.072775	 159.082360
2732.293142	 159.115074
2737.526353	 159.147730
2742.772441	 159.180330
2748.031440	 159.212873
2753.303382	 159.245359
2758.588299	 159.277788
2763.886226	 159.310161
2769.197196	 159.342478
2774.521241	 159.374738
2779.858395	 159.406941
2785.208692	 159.439089
2790.572165	 159.471180
2795.948847	 159.503214
2801.338773	 159.535193
2806.741976	 159.567115
2812.158489	 159.598982
2817.588348	 159.630792
2823.031586	 159.662547
2828.488237	 159.694245
2833.958335	 159.725888
2839.441915	 159.757475
2844.939011	 159.789006
2850.449657	 159.820482
2855.973888	 159.851902
2861.511739	 159.883267
2867.063244	 159.914576
2872.628438	 159.945830
2878.207357	 159.977028
2883.800034	 160.008171
2889.406505	 160.039259
2895.026806	 160.070292
2900.660971	 160.101269
2906.309035	 160.132192
2911.971035	 160.163059
2917.647006	 160.193872
2923.336983	 160.224630
2929.041002	 160.255333
2934.759099	 160.285981
2940.491309	 160.316575
2946.237669	 160.347113
2951.998215	 160.377598
2957.772982	 160.408028
2963.562007	 160.438403
2969.365327	 160.468724
2975.182977	 160.498991
2981.014995	 160.529203
2986.861416	 160.559361
2992.722277	 160.589466
2998.597616	 160.619516
3004.487469	 160.649512
3010.391873	 160.679454
3016.310865	 160.709342
3022.244482	 160.739176
3028.192761	 160.768957
3034.155740	 160.798683
3040.133456	 160.828356
3046.125947	 160.857976
3052.133250	 160.887542
3058.155404	 160.917055
3064.192444	 160.946514
3070.244411	 160.975919
3076.311341	 161.005272
3082.393272	 161.034571
3088.490244	 161.063817
3094.602293	 161.093010
3100.729459	 161.122150
3106.871780	 161.151237
3113.029294	 161.180271
3119.202041	 161.209252
3125.390058	 161.238180
3131.593385	 161.267056
3137.812060	 161.295879
3144.046123	 161.324649
3150.295613	 161.353367
3156.560568	 161.382032
3162.841030	 161.410645
3169.137035	 161.439206
3175.448625	 161.467714
3181.775839	 161.496170
3188.118717	 161.524574
3194.477298	 161.552925
3200.851622	 161.581225
3207.241729	 161.609472
3213.647660	 161.637668
3220.069455	 161.665812
3226.507154	 161.693904
3232.960797	 161.721944
3239.430425	 161.749932
3245.916078	 161.777869
3252.417798	 161.805754
3258.935625	 161.833588
3265.469600	 161.861371
3272.019764	 161.889102
3278.586158	 161.916781
3285.168823	 161.944410
3291.767802	 161.971987
3298.383134	 161.999513
3305.014862	 162.026988
3311.663028	 162.054412
3318.327673	 162.081785
3325.008838	 162.109108
3331.706567	 162.136379
3338.420900	 162.163600
3345.151881	 162.190770
3351.899551	 162.217889
3358.663953	 162.244958
3365.445129	 162.271976
3372.243122	 162.298944
3379.057975	 162.325862
3385.889730	 162.352729
3392.738430	 162.379546
3399.604119	 162.406313
3406.486839	 162.433029
3413.386634	 162.459696
3420.303547	 162.486312
3427.237621	 162.512879
3434.188900	 162.539396
3441.157428	 162.565863
3448.143249	 162.592280
3455.146406	 162.618648
3462.166943	 162.644966
3469.204904	 162.671234
3476.260335	 162.697453
3483.333278	 162.723622
3490.423778	 162.749743
3497.531881	 162.775813
3504.657630	 162.801835
3511.801071	 162.827807
3518.962248	 162.853731
3526.141206	 162.879605
3533.337991	 162.905430
3540.552647	 162.931207
3547.785220	 162.956934
3555.035755	 162.982613
3562.304299	 163.008243
3569.590895	 163.033824
