100.000000	 15.000000
100.204089	 14.896413
100.408833	 14.793724
100.614232	 14.691927
100.820288	 14.591012
101.027000	 14.490973
101.234370	 14.391802
101.442397	 14.293490
101.651084	 14.196030
101.860429	 14.099414
102.070434	 14.003636
102.281100	 13.908687
102.492428	 13.814561
102.704417	 13.721250
102.917068	 13.628746
103.130383	 13.537044
103.344362	 13.446135
103.559005	 13.356013
103.774314	 13.266670
103.990288	 13.178101
104.206930	 13.090297
104.424238	 13.003253
104.642215	 12.916962
104.860860	 12.831417
105.080175	 12.746612
105.300160	 12.662539
105.520816	 12.579194
105.742144	 12.496568
105.964144	 12.414657
106.186817	 12.333454
106.410164	 12.252953
106.634186	 12.173147
106.858883	 12.094030
107.084257	 12.015597
107.310307	 11.937842
107.537035	 11.860758
107.764441	 11.784340
107.992527	 11.708583
108.221293	 11.633479
108.450739	 11.559025
108.680868	 11.485214
108.911678	 11.412040
109.143172	 11.339498
109.375350	 11.267583
109.608213	 11.196289
109.841762	 11.125611
110.075997	 11.055544
110.310920	 10.986082
110.546530	 10.917220
110.782830	 10.848953
111.019820	 10.781276
111.257501	 10.714183
111.495873	 10.647671
111.734937	 10.581733
111.974695	 10.516366
112.215148	 10.451563
112.456295	 10.387321
112.698139	 10.323635
112.940679	 10.260499
113.183917	 10.197909
113.427854	 10.135861
113.672491	 10.074349
113.917828	 10.013370
114.163866	 9.952919
114.410607	 9.892991
114.658051	 9.833582
114.906200	 9.774688
115.155053	 9.716303
115.404613	 9.658425
115.654880	 9.601048
115.905855	 9.544169
116.157539	 9.487783
116.409932	 9.431886
116.663037	 9.376474
116.916854	 9.321543
117.171383	 9.267089
117.426627	 9.213108
117.682585	 9.159596
117.939259	 9.106549
118.196650	 9.053963
118.454759	 9.001834
118.713586	 8.950159
118.973134	 8.898934
119.233402	 8.848155
119.494393	 8.797818
119.756106	 8.747919
120.018543	 8.698456
120.281706	 8.649424
120.545594	 8.600821
120.810210	 8.552641
121.075554	 8.504882
121.341627	 8.457541
121.608431	 8.410614
121.875966	 8.364097
122.144233	 8.317987
122.413234	 8.272282
122.682970	 8.226976
122.953441	 8.182069
123.224650	 8.137555
123.496596	 8.093432
123.769281	 8.049696
124.042707	 8.006346
124.316874	 7.963376
124.591783	 7.920785
124.867436	 7.878569
125.143833	 7.836725
125.420977	 7.795250
125.698867	 7.754142
125.977506	 7.713397
126.256893	 7.673012
126.537032	 7.632984
126.817921	 7.593311
127.099564	 7.553990
127.381961	 7.515017
127.665112	 7.476391
127.949020	 7.438108
128.233686	 7.400166
128.519110	 7.362561
128.805294	 7.325292
129.092239	 7.288355
129.379947	 7.251748
129.668418	 7.215468
129.957653	 7.179513
130.247655	 7.143880
130.538424	 7.108566
130.829961	 7.073570
131.122268	 7.038888
131.415346	 7.004519
131.709196	 6.970459
132.003820	 6.936706
132.299218	 6.903258
132.595392	 6.870112
132.892343	 6.837267
133.190073	 6.804719
133.488582	 6.772466
133.787872	 6.740507
134.087945	 6.708839
134.388802	 6.677459
134.690443	 6.646366
134.992870	 6.615556
135.296085	 6.585029
135.600089	 6.554782
135.904883	 6.524812
136.210468	 6.495118
136.516846	 6.465697
136.824019	 6.436548
137.131986	 6.407668
137.440751	 6.379055
137.750313	 6.350708
138.060675	 6.322624
138.371838	 6.294800
138.683803	 6.267237
138.996572	 6.239930
139.310146	 6.212879
139.624525	 6.186081
139.939713	 6.159535
140.255709	 6.133239
140.572516	 6.107190
140.890135	 6.081387
141.208567	 6.055829
141.527814	 6.030512
141.847876	 6.005437
142.168756	 5.980600
142.490455	 5.956000
142.812974	 5.931635
143.136315	 5.907504
143.460479	 5.883605
143.785467	 5.859935
144.111282	 5.836495
144.437923	 5.813281
144.765394	 5.790292
145.093695	 5.767527
145.422828	 5.744983
145.752794	 5.722660
146.083594	 5.700556
146.415231	 5.678669
146.747706	 5.656997
147.081019	 5.635540
147.415173	 5.614295
147.750169	 5.593261
148.086009	 5.572436
148.422694	 5.551820
148.760225	 5.531410
149.098604	 5.511205
149.437833	 5.491204
149.777913	 5.471406
150.118846	 5.451808
150.460633	 5.432409
150.803275	 5.413209
151.146774	 5.394205
151.491133	 5.375397
151.836351	 5.356783
152.182431	 5.338361
152.529375	 5.320131
152.877183	 5.302091
153.225858	 5.284240
153.575401	 5.266576
153.925813	 5.249098
154.277096	 5.231805
154.629253	 5.214696
154.982283	 5.197770
155.336189	 5.181025
155.690973	 5.164459
156.046636	 5.148073
156.403179	 5.131864
156.760604	 5.115832
157.118914	 5.099976
157.478109	 5.084293
157.838190	 5.068784
158.199161	 5.053446
158.561021	 5.038279
158.923774	 5.023282
159.287420	 5.008454
159.651961	 4.993793
160.017399	 4.979299
160.383736	 4.964970
160.750972	 4.950806
161.119110	 4.936805
161.488152	 4.922966
161.858098	 4.909289
162.228951	 4.895772
162.600713	 4.882414
162.973384	 4.869214
163.346968	 4.856172
163.721464	 4.843287
164.096876	 4.830556
164.473204	 4.817980
164.850450	 4.805558
165.228617	 4.793289
165.607705	 4.781171
165.987717	 4.769203
166.368654	 4.757386
166.750518	 4.745718
167.133311	 4.734198
167.517034	 4.722825
167.901688	 4.711598
168.287277	 4.700518
168.673801	 4.689581
169.061262	 4.678789
169.449662	 4.668140
169.839003	 4.657633
170.229286	 4.647267
170.620513	 4.637042
171.012687	 4.626957
171.405807	 4.617011
171.799878	 4.607204
172.194899	 4.597533
172.590873	 4.588000
172.987802	 4.578603
173.385688	 4.569341
173.784531	 4.560213
174.184335	 4.551220
174.585100	 4.542359
174.986829	 4.533631
175.389523	 4.525035
175.793185	 4.516569
176.197815	 4.508235
176.603416	 4.500029
177.009990	 4.491953
177.417538	 4.484005
177.826062	 4.476185
178.235564	 4.468492
178.646046	 4.460925
179.057509	 4.453485
179.469956	 4.446169
179.883388	 4.438978
180.297807	 4.431911
180.713215	 4.424967
181.129614	 4.418146
181.547005	 4.411448
181.965391	 4.404870
182.384773	 4.398414
182.805153	 4.392079
183.226533	 4.385863
183.648915	 4.379767
184.072301	 4.373790
184.496692	 4.367931
184.922090	 4.362189
185.348498	 4.356565
185.775917	 4.351058
186.204349	 4.345667
186.633796	 4.340392
187.064259	 4.335232
187.495741	 4.330187
187.928244	 4.325256
188.361769	 4.320438
188.796319	 4.315735
189.231895	 4.311144
189.668498	 4.306665
190.106132	 4.302299
190.544798	 4.298044
190.984498	 4.293900
191.425233	 4.289867
191.867006	 4.285944
192.309818	 4.282131
192.753672	 4.278427
193.198570	 4.274832
193.644512	 4.271346
194.091502	 4.267968
194.539542	 4.264699
194.988632	 4.261536
195.438775	 4.258481
195.889974	 4.255532
196.342229	 4.252690
196.795543	 4.249953
197.249918	 4.247323
197.705356	 4.244797
198.161858	 4.242377
198.619427	 4.240061
199.078065	 4.237849
199.537773	 4.235742
199.998554	 4.233738
200.460410	 4.231838
200.923342	 4.230040
201.387352	 4.228346
201.852443	 4.226753
202.318616	 4.225263
202.785873	 4.223875
203.254217	 4.222589
203.723649	 4.221404
204.194172	 4.220320
204.665786	 4.219336
205.138495	 4.218454
205.612301	 4.217671
206.087204	 4.216989
206.563208	 4.216406
207.040314	 4.215924
207.518524	 4.215540
207.997841	 4.215256
208.478265	 4.215070
208.959800	 4.214983
209.442448	 4.214995
209.926209	 4.215105
210.411087	 4.215313
210.897083	 4.215619
211.384199	 4.216023
211.872437	 4.216525
212.361800	 4.217123
212.852289	 4.217819
213.343907	 4.218612
213.836655	 4.219502
214.330535	 4.220489
214.825550	 4.221572
215.321701	 4.222752
215.818990	 4.224027
216.317420	 4.225399
216.816993	 4.226867
217.317710	 4.228431
217.819574	 4.230091
218.322586	 4.231846
218.826749	 4.233697
219.332064	 4.235644
219.838535	 4.237685
220.346162	 4.239822
220.854948	 4.242054
221.364895	 4.244382
221.876004	 4.246804
222.388279	 4.249321
222.901720	 4.251933
223.416331	 4.254639
223.932112	 4.257441
224.449067	 4.260337
224.967197	 4.263328
225.486504	 4.266413
226.006991	 4.269593
226.528658	 4.272867
227.051509	 4.276235
227.575546	 4.279699
228.100769	 4.283256
228.627183	 4.286908
229.154788	 4.290654
229.683586	 4.294495
230.213581	 4.298430
230.744773	 4.302459
231.277164	 4.306583
231.810758	 4.310801
232.345555	 4.315114
232.881559	 4.319520
233.418770	 4.324022
233.957191	 4.328618
234.496825	 4.333308
235.037673	 4.338093
235.579737	 4.342972
236.123019	 4.347947
236.667521	 4.353015
237.213246	 4.358179
237.760196	 4.363437
238.308371	 4.368791
238.857776	 4.374239
239.408411	 4.379782
239.960278	 4.385421
240.513381	 4.391155
241.067720	 4.396984
241.623298	 4.402908
242.180116	 4.408928
242.738178	 4.415043
243.297485	 4.421255
243.858038	 4.427562
244.419841	 4.433965
244.982894	 4.440464
245.547201	 4.447060
246.112763	 4.453752
246.679583	 4.460540
247.247661	 4.467425
247.817001	 4.474407
248.387604	 4.481486
248.959473	 4.488662
249.532609	 4.495935
250.107014	 4.503306
250.682691	 4.510774
251.259642	 4.518340
251.837868	 4.526005
252.417371	 4.533767
252.998155	 4.541628
253.580219	 4.549587
254.163568	 4.557646
254.748202	 4.565803
255.334124	 4.574060
255.921335	 4.582416
256.509838	 4.590872
257.099635	 4.599427
257.690728	 4.608083
258.283119	 4.616839
258.876809	 4.625696
259.471801	 4.634654
260.068096	 4.643713
260.665698	 4.652874
261.264607	 4.662136
261.864826	 4.671500
262.466356	 4.680967
263.069200	 4.690536
263.673360	 4.700207
264.278838	 4.709982
264.885635	 4.719861
265.493754	 4.729843
266.103196	 4.739929
266.713964	 4.750119
267.326059	 4.760415
267.939484	 4.770815
268.554240	 4.781320
269.170329	 4.791932
269.787754	 4.802649
270.406516	 4.813473
271.026617	 4.824403
271.648059	 4.835441
272.270844	 4.846586
272.894974	 4.857838
273.520451	 4.869199
274.147277	 4.880669
274.775453	 4.892248
275.404982	 4.903936
276.035865	 4.915733
276.668105	 4.927641
277.301703	 4.939660
277.936661	 4.951790
278.572981	 4.964031
279.210665	 4.976384
279.849715	 4.988849
280.490132	 5.001427
281.131919	 5.014118
281.775077	 5.026923
282.419608	 5.039842
283.065515	 5.052875
283.712798	 5.066024
284.361459	 5.079288
285.011502	 5.092668
285.662926	 5.106165
286.315735	 5.119779
286.969929	 5.133510
287.625511	 5.147359
288.282483	 5.161327
288.940845	 5.175414
289.600601	 5.189620
290.261751	 5.203947
290.924298	 5.218394
291.588244	 5.232963
292.253589	 5.247653
292.920336	 5.262465
293.588486	 5.277401
294.258042	 5.292460
294.929004	 5.307643
295.601375	 5.322951
296.275157	 5.338384
296.950350	 5.353942
297.626957	 5.369628
298.304979	 5.385440
298.984418	 5.401380
299.665276	 5.417449
300.347554	 5.433646
301.031253	 5.449973
301.716376	 5.466430
302.402925	 5.483018
303.090900	 5.499738
303.780303	 5.516590
304.471136	 5.533575
305.163400	 5.550694
305.857098	 5.567947
306.552229	 5.585335
307.248797	 5.602859
307.946803	 5.620519
308.646247	 5.638317
309.347132	 5.656252
310.049459	 5.674327
310.753230	 5.692540
311.458446	 5.710894
312.165108	 5.729389
312.873218	 5.748025
313.582777	 5.766804
314.293788	 5.785727
315.006250	 5.804793
315.720166	 5.824004
316.435537	 5.843361
317.152364	 5.862865
317.870649	 5.882516
318.590392	 5.902315
319.311596	 5.922264
320.034262	 5.942362
320.758391	 5.962611
321.483984	 5.983012
322.211042	 6.003565
322.939567	 6.024272
323.669561	 6.045133
324.401023	 6.066149
325.133956	 6.087321
325.868360	 6.108651
326.604237	 6.130139
327.341589	 6.151785
328.080415	 6.173592
328.820717	 6.195560
329.562497	 6.217689
330.305756	 6.239981
331.050494	 6.262438
331.796712	 6.285059
332.544413	 6.307845
333.293596	 6.330799
334.044262	 6.353921
334.796414	 6.377212
335.550051	 6.400673
336.305175	 6.424305
337.061786	 6.448109
337.819886	 6.472086
338.579475	 6.496238
339.340555	 6.520565
340.103126	 6.545069
340.867189	 6.569750
341.632744	 6.594610
342.399794	 6.619650
343.168338	 6.644872
343.938377	 6.670275
344.709912	 6.695862
345.482944	 6.721634
346.257473	 6.747592
347.033500	 6.773736
347.811026	 6.800069
348.590051	 6.826592
349.370577	 6.853305
350.152603	 6.880210
350.936130	 6.907309
351.721159	 6.934602
352.507690	 6.962091
353.295724	 6.989778
354.085261	 7.017662
354.876302	 7.045747
355.668847	 7.074032
356.462896	 7.102521
357.258451	 7.131213
358.055510	 7.160110
358.854076	 7.189214
359.654147	 7.218526
360.455724	 7.248047
361.258808	 7.277779
362.063398	 7.307724
362.869496	 7.337882
363.677100	 7.368255
364.486211	 7.398846
365.296830	 7.429654
366.108956	 7.460682
366.922590	 7.491931
367.737731	 7.523403
368.554380	 7.555100
369.372536	 7.587022
370.192200	 7.619171
371.013371	 7.651550
371.836049	 7.684159
372.660234	 7.717000
373.485926	 7.750075
374.313125	 7.783386
375.141830	 7.816934
375.972042	 7.850720
376.803759	 7.884747
377.636982	 7.919016
378.471711	 7.953529
379.307944	 7.988288
380.145681	 8.023294
380.984922	 8.058549
381.825667	 8.094055
382.667915	 8.129814
383.511665	 8.165827
384.356917	 8.202096
385.203669	 8.238624
386.051923	 8.275411
386.901675	 8.312461
387.752927	 8.349774
388.605677	 8.387353
389.459925	 8.425199
390.315669	 8.463315
391.172908	 8.501702
392.031642	 8.540362
392.891870	 8.579298
393.753591	 8.618511
394.616803	 8.658004
395.481506	 8.697778
396.347699	 8.737835
397.215379	 8.778178
398.084547	 8.818809
398.955200	 8.859729
399.827338	 8.900940
400.700959	 8.942446
401.576062	 8.984248
402.452646	 9.026348
403.330708	 9.068749
404.210248	 9.111452
405.091264	 9.154459
405.973754	 9.197774
406.857716	 9.241399
407.743150	 9.285334
408.630053	 9.329584
409.518423	 9.374150
410.408259	 9.419034
411.299559	 9.464240
412.192320	 9.509768
413.086542	 9.555622
413.982221	 9.601804
414.879357	 9.648317
415.777946	 9.695162
416.677987	 9.742343
417.579477	 9.789862
418.482414	 9.837720
419.386796	 9.885922
420.292620	 9.934469
421.199885	 9.983364
422.108587	 10.032610
423.018725	 10.082209
423.930295	 10.132163
424.843295	 10.182476
425.757722	 10.233150
426.673573	 10.284187
427.590847	 10.335591
428.509539	 10.387364
429.429648	 10.439509
430.351169	 10.492029
431.274101	 10.544925
432.198440	 10.598203
433.124183	 10.651863
434.051326	 10.705909
434.979867	 10.760344
435.909803	 10.815170
436.841129	 10.870391
437.773843	 10.926009
438.707941	 10.982028
439.643420	 11.038450
440.580275	 11.095279
441.518504	 11.152517
442.458103	 11.210167
443.399068	 11.268233
444.341394	 11.326717
445.285079	 11.385624
446.230118	 11.444954
447.176507	 11.504713
448.124243	 11.564903
449.073320	 11.625527
450.023736	 11.686589
450.975485	 11.748091
451.928563	 11.810038
452.882965	 11.872431
453.838689	 11.935276
454.795728	 11.998574
455.754078	 12.062329
456.713735	 12.126545
457.674693	 12.191225
458.636949	 12.256372
459.600497	 12.321990
460.565332	 12.388083
461.531449	 12.454653
462.498843	 12.521704
463.467509	 12.589241
464.437442	 12.657265
465.408637	 12.725782
466.381087	 12.794794
467.354788	 12.864305
468.329734	 12.934319
469.305920	 13.004839
470.283340	 13.075869
471.261987	 13.147413
472.241857	 13.219475
473.222944	 13.292058
474.205241	 13.365166
475.188743	 13.438802
476.173443	 13.512972
477.159335	 13.587677
478.146413	 13.662924
479.134671	 13.738714
480.124102	 13.815052
481.114700	 13.891943
482.106458	 13.969389
483.099370	 14.047396
484.093428	 14.125966
485.088626	 14.205104
486.084958	 14.284814
487.082416	 14.365101
488.080993	 14.445967
489.080682	 14.527417
490.081476	 14.609456
491.083367	 14.692087
492.086349	 14.775315
493.090413	 14.859144
494.095553	 14.943578
495.101760	 15.028620
496.109028	 15.114277
497.117348	 15.200550
498.126712	 15.287446
499.137113	 15.374968
500.148542	 15.463121
501.160991	 15.551909
502.174453	 15.641335
503.188919	 15.731406
504.204381	 15.822124
505.220829	 15.913495
506.238257	 16.005523
507.256654	 16.098212
508.276014	 16.191566
509.296325	 16.285591
510.317581	 16.380291
511.339772	 16.475670
512.362889	 16.571732
513.386922	 16.668483
514.411864	 16.765927
515.437703	 16.864068
516.464432	 16.962911
517.492041	 17.062461
518.520520	 17.162722
519.549859	 17.263698
520.580050	 17.365396
521.611082	 17.467818
522.642945	 17.570970
523.675629	 17.674857
524.709125	 17.779482
525.743422	 17.884852
526.778511	 17.990970
527.814380	 18.097842
528.851020	 18.205471
529.888420	 18.313863
530.926569	 18.423023
531.965458	 18.532955
533.005075	 18.643664
534.045410	 18.755155
535.086452	 18.867432
536.128189	 18.980501
537.170612	 19.094366
538.213708	 19.209031
539.257467	 19.324503
540.301877	 19.440785
541.346928	 19.557882
542.392607	 19.675800
543.438904	 19.794542
544.485806	 19.914114
545.533303	 20.034521
546.581382	 20.155767
547.630031	 20.277857
548.679239	 20.400796
549.728994	 20.524589
550.779284	 20.649241
551.830097	 20.774756
552.881420	 20.901139
553.933242	 21.028395
554.985550	 21.156529
556.038331	 21.285545
557.091574	 21.415448
558.145266	 21.546244
559.199394	 21.677936
560.253945	 21.810530
561.308907	 21.944029
562.364267	 22.078440
563.420013	 22.213767
564.476130	 22.350013
565.532607	 22.487185
566.589430	 22.625286
567.646587	 22.764321
568.704063	 22.904295
569.761846	 23.045213
570.819923	 23.187079
571.878280	 23.329897
572.936903	 23.473672
573.995780	 23.618409
575.054897	 23.764111
576.114240	 23.910785
577.173795	 24.058433
578.233549	 24.207060
579.293489	 24.356672
580.353600	 24.507271
581.413869	 24.658862
582.474282	 24.811451
583.534825	 24.965040
584.595483	 25.119634
585.656244	 25.275237
586.717092	 25.431854
587.778015	 25.589489
588.838997	 25.748144
589.900025	 25.907826
590.961085	 26.068536
592.022162	 26.230281
593.083242	 26.393062
594.144311	 26.556885
595.205355	 26.721753
596.266358	 26.887669
597.327308	 27.054638
598.388190	 27.222663
599.448988	 27.391747
600.509690	 27.561895
601.570280	 27.733109
602.630743	 27.905393
603.691067	 28.078751
604.751236	 28.253185
605.811235	 28.428699
606.871051	 28.605296
607.930668	 28.782980
608.990073	 28.961752
610.049251	 29.141617
611.108187	 29.322577
612.166867	 29.504635
613.225277	 29.687794
614.283401	 29.872056
615.341227	 30.057424
616.398739	 30.243900
617.455922	 30.431488
618.512763	 30.620189
619.569248	 30.810006
620.625361	 31.000941
621.681088	 31.192996
622.736416	 31.386173
623.791330	 31.580474
624.845816	 31.775901
625.899859	 31.972456
626.953446	 32.170140
628.006562	 32.368956
629.059193	 32.568904
630.111325	 32.769986
631.162945	 32.972203
632.214039	 33.175557
633.264591	 33.380048
634.314590	 33.585678
635.364021	 33.792448
636.412869	 34.000358
637.461123	 34.209409
638.508767	 34.419602
639.555790	 34.630937
640.602176	 34.843415
641.647913	 35.057035
642.692988	 35.271798
643.737388	 35.487704
644.781098	 35.704753
645.824107	 35.922945
646.866402	 36.142279
647.907969	 36.362755
648.948795	 36.584373
649.988869	 36.807131
651.028178	 37.031028
652.066708	 37.256065
653.104449	 37.482240
654.141387	 37.709551
655.177511	 37.937998
656.212808	 38.167578
657.247267	 38.398291
658.280876	 38.630134
659.313623	 38.863106
660.345497	 39.097204
661.376486	 39.332427
662.406579	 39.568773
663.435765	 39.806238
664.464034	 40.044820
665.491373	 40.284517
666.517773	 40.525326
667.543223	 40.767244
668.567712	 41.010267
669.591230	 41.254393
670.613768	 41.499618
671.635315	 41.745938
672.655862	 41.993349
673.675398	 42.241849
674.693914	 42.491432
675.711402	 42.742095
676.727852	 42.993833
677.743255	 43.246642
678.757602	 43.500517
679.770885	 43.755454
680.783095	 44.011447
681.794224	 44.268491
682.804265	 44.526581
683.813208	 44.785713
684.821047	 45.045879
685.827775	 45.307074
686.833383	 45.569293
687.837865	 45.832530
688.841214	 46.096778
689.843423	 46.362030
690.844486	 46.628281
691.844397	 46.895524
692.843150	 47.163752
693.840738	 47.432957
694.837157	 47.703133
695.832400	 47.974272
696.826464	 48.246368
697.819342	 48.519411
698.811030	 48.793395
699.801524	 49.068311
700.790819	 49.344152
701.778912	 49.620908
702.765798	 49.898573
703.751474	 50.177136
704.735937	 50.456589
705.719184	 50.736924
706.701212	 51.018130
707.682018	 51.300200
708.661599	 51.583123
709.639955	 51.866890
710.617083	 52.151492
711.592981	 52.436918
712.567648	 52.723158
713.541083	 53.010202
714.513286	 53.298040
715.484254	 53.586662
716.453990	 53.876056
717.422491	 54.166212
718.389758	 54.457119
719.355793	 54.748765
720.320594	 55.041141
721.284165	 55.334233
722.246505	 55.628032
723.207616	 55.922524
724.167500	 56.217699
725.126159	 56.513544
726.083595	 56.810046
727.039811	 57.107195
727.994810	 57.404978
728.948594	 57.703381
729.901168	 58.002392
730.852534	 58.302000
731.802697	 58.602189
732.751661	 58.902949
733.699430	 59.204265
734.646008	 59.506124
735.591402	 59.808512
736.535616	 60.111417
737.478655	 60.414824
738.420526	 60.718721
739.361234	 61.023091
740.300786	 61.327923
741.239189	 61.633201
742.176448	 61.938912
743.112572	 62.245041
744.047568	 62.551574
744.981443	 62.858496
745.914205	 63.165792
746.845863	 63.473448
747.776425	 63.781449
748.705899	 64.089780
749.634295	 64.398426
750.561621	 64.707372
751.487888	 65.016603
752.413105	 65.326103
753.337282	 65.635857
754.260429	 65.945850
755.182558	 66.256066
756.103677	 66.566489
757.023799	 66.877105
757.942935	 67.187896
758.861097	 67.498849
759.778295	 67.809946
760.694543	 68.121172
761.609852	 68.432510
762.524234	 68.743946
763.437704	 69.055463
764.350272	 69.367044
765.261954	 69.678675
766.172761	 69.990338
767.082708	 70.302017
767.991808	 70.613697
768.900077	 70.925361
769.807527	 71.236992
770.714173	 71.548576
771.620031	 71.860094
772.525115	 72.171532
773.429441	 72.482872
774.333023	 72.794099
775.235877	 73.105196
776.138019	 73.416147
777.039465	 73.726935
777.940232	 74.037545
778.840335	 74.347959
779.739791	 74.658163
780.638617	 74.968139
781.536829	 75.277871
782.434446	 75.587343
783.331483	 75.896540
784.227959	 76.205444
785.123891	 76.514040
786.019296	 76.822312
786.914194	 77.130244
787.808601	 77.437820
788.702536	 77.745024
789.596018	 78.051840
790.489064	 78.358252
791.381694	 78.664245
792.273927	 78.969804
793.165780	 79.274912
794.057274	 79.579554
794.948428	 79.883714
795.839260	 80.187378
796.729791	 80.490531
797.620039	 80.793156
798.510025	 81.095239
799.399768	 81.396766
800.289287	 81.697720
801.178604	 81.998088
802.067737	 82.297855
802.956708	 82.597006
803.845536	 82.895527
804.734241	 83.193403
805.622844	 83.490621
806.511365	 83.787166
807.399824	 84.083025
808.288243	 84.378183
809.176642	 84.672628
810.065042	 84.966345
810.953462	 85.259320
811.841924	 85.551542
812.730449	 85.842997
813.619058	 86.133671
814.507770	 86.423552
815.396608	 86.712628
816.285592	 87.000886
817.174743	 87.288313
818.064082	 87.574898
818.953629	 87.860628
819.843407	 88.145492
820.733435	 88.429478
821.623734	 88.712574
822.514327	 88.994770
823.405232	 89.276054
824.296472	 89.556414
825.188067	 89.835842
826.080039	 90.114325
826.972407	 90.391853
827.865193	 90.668417
828.758417	 90.944006
829.652100	 91.218610
830.546264	 91.492220
831.440928	 91.764826
832.336112	 92.036419
833.231839	 92.306991
834.128128	 92.576531
835.024999	 92.845032
835.922473	 93.112485
836.820570	 93.378882
837.719310	 93.644215
838.618714	 93.908476
839.518801	 94.171658
840.419592	 94.433752
841.321106	 94.694752
842.223364	 94.954651
843.126384	 95.213442
844.030187	 95.471118
844.934792	 95.727674
845.840218	 95.983102
846.746485	 96.237398
847.653612	 96.490555
848.561619	 96.742567
849.470523	 96.993430
850.380345	 97.243138
851.291103	 97.491687
852.202815	 97.739072
853.115500	 97.985288
854.029176	 98.230331
854.943863	 98.474197
855.859578	 98.716883
856.776338	 98.958384
857.694163	 99.198697
858.613069	 99.437820
859.533075	 99.675748
860.454198	 99.912480
861.376456	 100.148013
862.299865	 100.382343
863.224443	 100.615471
864.150207	 100.847392
865.077173	 101.078106
866.005360	 101.307610
866.934782	 101.535904
867.865456	 101.762987
868.797399	 101.988857
869.730628	 102.213513
870.665157	 102.436956
871.601002	 102.659184
872.538181	 102.880198
873.476707	 103.099997
874.416596	 103.318582
875.357865	 103.535953
876.300527	 103.752110
877.244598	 103.967055
878.190093	 104.180788
879.137026	 104.393310
880.085411	 104.604622
881.035264	 104.814727
881.986599	 105.023625
882.939428	 105.231318
883.893768	 105.437809
884.849630	 105.643099
885.807030	 105.847190
886.765980	 106.050085
887.726493	 106.251787
888.688583	 106.452299
889.652264	 106.651622
890.617547	 106.849761
891.584446	 107.046718
892.552973	 107.242496
893.523141	 107.437100
894.494962	 107.630533
895.468448	 107.822798
896.443611	 108.013899
897.420464	 108.203841
898.399018	 108.392627
899.379284	 108.580261
900.361274	 108.766749
901.345000	 108.952095
902.330473	 109.136302
903.317703	 109.319377
904.306703	 109.501323
905.297482	 109.682146
906.290051	 109.861850
907.284421	 110.040442
908.280603	 110.217925
909.278606	 110.394306
910.278441	 110.569591
911.280118	 110.743783
912.283647	 110.916890
913.289038	 111.088916
914.296301	 111.259869
915.305444	 111.429752
916.316479	 111.598574
917.329413	 111.766338
918.344256	 111.933053
919.361019	 112.098723
920.379708	 112.263356
921.400334	 112.426957
922.422905	 112.589533
923.447431	 112.751090
924.473919	 112.911635
925.502378	 113.071174
926.532817	 113.229715
927.565243	 113.387263
928.599666	 113.543825
929.636094	 113.699409
930.674534	 113.854020
931.714994	 114.007667
932.757483	 114.160355
933.802007	 114.312092
934.848576	 114.462884
935.897196	 114.612739
936.947875	 114.761663
938.000621	 114.909664
939.055440	 115.056749
940.112341	 115.202925
941.171330	 115.348199
942.232415	 115.492578
943.295602	 115.636069
944.360900	 115.778679
945.428314	 115.920416
946.497851	 116.061287
947.569520	 116.201299
948.643325	 116.340459
949.719274	 116.478775
950.797374	 116.616253
951.877632	 116.752901
952.960053	 116.888726
954.044644	 117.023736
955.131412	 117.157937
956.220363	 117.291336
957.311503	 117.423942
958.404839	 117.555761
959.500378	 117.686800
960.598124	 117.817066
961.698084	 117.946568
962.800265	 118.075310
963.904673	 118.203302
965.011313	 118.330550
966.120191	 118.457061
967.231315	 118.582842
968.344688	 118.707900
969.460318	 118.832243
970.578210	 118.955876
971.698370	 119.078808
972.820804	 119.201045
973.945517	 119.322594
975.072516	 119.443462
976.201805	 119.563656
977.333392	 119.683183
978.467281	 119.802049
979.603478	 119.920261
980.741989	 120.037826
981.882820	 120.154750
983.025975	 120.271041
984.171461	 120.386705
985.319283	 120.501749
986.469447	 120.616178
987.621958	 120.730000
988.776821	 120.843221
989.934043	 120.955847
991.093629	 121.067886
992.255585	 121.179342
993.419915	 121.290223
994.586625	 121.400535
995.755721	 121.510283
996.927209	 121.619475
998.101093	 121.728116
999.277380	 121.836212
1000.456074	 121.943770
1001.637181	 122.050795
1002.820707	 122.157293
1004.006658	 122.263270
1005.195037	 122.368733
1006.385852	 122.473686
1007.579108	 122.578136
1008.774809	 122.682089
1009.972963	 122.785549
1011.173573	 122.888523
1012.376645	 122.991016
1013.582186	 123.093033
1014.790201	 123.194581
1016.000694	 123.295664
1017.213672	 123.396288
1018.429141	 123.496458
1019.647105	 123.596180
1020.867570	 123.695458
1022.090543	 123.794298
1023.316028	 123.892705
1024.544031	 123.990684
1025.774557	 124.088239
1027.007613	 124.185377
1028.243205	 124.282102
1029.481336	 124.378418
1030.722014	 124.474331
1031.965245	 124.569845
1033.211033	 124.664965
1034.459384	 124.759696
1035.710305	 124.854042
1036.963801	 124.948007
1038.219877	 125.041597
1039.478540	 125.134816
1040.739796	 125.227668
1042.003650	 125.320157
1043.270108	 125.412288
1044.539176	 125.504065
1045.810860	 125.595493
1047.085166	 125.686574
1048.362100	 125.777315
1049.641668	 125.867718
1050.923875	 125.957787
1052.208729	 126.047527
1053.496234	 126.136942
1054.786397	 126.226035
1056.079224	 126.314810
1057.374721	 126.403271
1058.672895	 126.491421
1059.973750	 126.579265
1061.277295	 126.666806
1062.583534	 126.754048
1063.892475	 126.840994
1065.204123	 126.927647
1066.518484	 127.014011
1067.835565	 127.100090
1069.155373	 127.185887
1070.477913	 127.271405
1071.803193	 127.356647
1073.131218	 127.441617
1074.461994	 127.526318
1075.795529	 127.610752
1077.131829	 127.694924
1078.470901	 127.778836
1079.812750	 127.862491
1081.157384	 127.945892
1082.504809	 128.029043
1083.855032	 128.111945
1085.208060	 128.194602
1086.563898	 128.277017
1087.922555	 128.359192
1089.284036	 128.441130
1090.648349	 128.522835
1092.015500	 128.604307
1093.385496	 128.685551
1094.758344	 128.766569
1096.134051	 128.847362
1097.512623	 128.927935
1098.894068	 129.008288
1100.278394	 129.088426
1101.665605	 129.168349
1103.055711	 129.248061
1104.448717	 129.327564
1105.844632	 129.406859
1107.243461	 129.485950
1108.645213	 129.564838
1110.049894	 129.643526
1111.457512	 129.722016
1112.868073	 129.800310
1114.281586	 129.878410
1115.698057	 129.956318
1117.117494	 130.034036
1118.539905	 130.111566
1119.965295	 130.188911
1121.393674	 130.266071
1122.825049	 130.343050
1124.259426	 130.419848
1125.696813	 130.496468
1127.137219	 130.572911
1128.580650	 130.649180
1130.027115	 130.725275
1131.476620	 130.801200
1132.929173	 130.876954
1134.384783	 130.952541
1135.843457	 131.027962
1137.305202	 131.103218
1138.770027	 131.178311
1140.237939	 131.253242
1141.708946	 131.328013
1143.183056	 131.402626
1144.660276	 131.477083
1146.140616	 131.551383
1147.624082	 131.625530
1149.110683	 131.699524
1150.600426	 131.773367
1152.093321	 131.847060
1153.589374	 131.920604
1155.088594	 131.994001
1156.590989	 132.067253
1158.096568	 132.140360
1159.605337	 132.213323
1161.117307	 132.286144
1162.632484	 132.358825
1164.150878	 132.431366
1165.672496	 132.503768
1167.197347	 132.576033
1168.725439	 132.648161
1170.256781	 132.720155
1171.791381	 132.792014
1173.329247	 132.863741
1174.870389	 132.935335
1176.414814	 133.006799
1177.962530	 133.078133
1179.513548	 133.149338
1181.067875	 133.220415
1182.625519	 133.291366
1184.186490	 133.362190
1185.750797	 133.432889
1187.318447	 133.503465
1188.889450	 133.573917
1190.463814	 133.644247
1192.041549	 133.714455
1193.622663	 133.784543
1195.207164	 133.854511
1196.795063	 133.924360
1198.386367	 133.994092
1199.981086	 134.063705
1201.579229	 134.133203
1203.180804	 134.202584
1204.785821	 134.271851
1206.394289	 134.341003
1208.006217	 134.410042
1209.621614	 134.478967
1211.240489	 134.547781
1212.862851	 134.616483
1214.488710	 134.685075
1216.118075	 134.753556
1217.750955	 134.821928
1219.387359	 134.890191
1221.027297	 134.958346
1222.670777	 135.026393
1224.317811	 135.094334
1225.968406	 135.162168
1227.622572	 135.229896
1229.280319	 135.297519
1230.941656	 135.365037
1232.606593	 135.432451
1234.275140	 135.499762
1235.947305	 135.566969
1237.623098	 135.634074
1239.302530	 135.701077
1240.985609	 135.767979
1242.672346	 135.834779
1244.362750	 135.901479
1246.056831	 135.968079
1247.754599	 136.034579
1249.456063	 136.100980
1251.161234	 136.167283
1252.870120	 136.233487
1254.582733	 136.299593
1256.299082	 136.365602
1258.019177	 136.431514
1259.743027	 136.497330
1261.470644	 136.563049
1263.202037	 136.628673
1264.937215	 136.694201
1266.676190	 136.759634
1268.418971	 136.824973
1270.165569	 136.890217
1271.915993	 136.955368
1273.670253	 137.020425
1275.428361	 137.085388
1277.190326	 137.150259
1278.956159	 137.215038
1280.725869	 137.279724
1282.499468	 137.344319
1284.276965	 137.408821
1286.058371	 137.473233
1287.843697	 137.537554
1289.632952	 137.601784
1291.426148	 137.665924
1293.223295	 137.729974
1295.024403	 137.793934
1296.829484	 137.857805
1298.638546	 137.921586
1300.451602	 137.985279
1302.268662	 138.048882
1304.089737	 138.112398
1305.914837	 138.175825
1307.743973	 138.239165
1309.577155	 138.302417
1311.414396	 138.365581
1313.255705	 138.428659
1315.101093	 138.491649
1316.950571	 138.554553
1318.804151	 138.617370
1320.661842	 138.680102
1322.523657	 138.742747
1324.389606	 138.805306
1326.259700	 138.867780
1328.133950	 138.930168
1330.012367	 138.992471
1331.894963	 139.054690
1333.781748	 139.116823
1335.672734	 139.178872
1337.567932	 139.240837
1339.467354	 139.302717
1341.371009	 139.364514
1343.278911	 139.426226
1345.191069	 139.487855
1347.107496	 139.549401
1349.028203	 139.610863
1350.953201	 139.672242
1352.882502	 139.733539
1354.816117	 139.794752
1356.754057	 139.855883
1358.696335	 139.916931
1360.642962	 139.977897
1362.593949	 140.038781
1364.549308	 140.099583
1366.509051	 140.160304
1368.473189	 140.220942
1370.441734	 140.281499
1372.414698	 140.341975
1374.392092	 140.402369
1376.373929	 140.462683
1378.360221	 140.522915
1380.350978	 140.583066
1382.346213	 140.643137
1384.345938	 140.703127
1386.350166	 140.763037
1388.358907	 140.822867
1390.372174	 140.882616
1392.389979	 140.942286
1394.412334	 141.001875
1396.439251	 141.061385
1398.470742	 141.120815
1400.506820	 141.180165
1402.547497	 141.239436
1404.592784	 141.298628
1406.642695	 141.357741
1408.697241	 141.416774
1410.756435	 141.475728
1412.820289	 141.534604
1414.888816	 141.593401
1416.962028	 141.652119
1419.039937	 141.710759
1421.122556	 141.769320
1423.209898	 141.827803
1425.301974	 141.886207
1427.398798	 141.944534
1429.500383	 142.002782
1431.606740	 142.060953
1433.717883	 142.119046
1435.833823	 142.177061
1437.954575	 142.234998
1440.080151	 142.292858
1442.210563	 142.350640
1444.345825	 142.408345
1446.485948	 142.465973
1448.630947	 142.523524
1450.780834	 142.580997
1452.935623	 142.638394
1455.095325	 142.695713
1457.259954	 142.752956
1459.429523	 142.810122
1461.604046	 142.867211
1463.783535	 142.924224
1465.968004	 142.981161
1468.157465	 143.038021
1470.351932	 143.094804
1472.551419	 143.151512
1474.755938	 143.208143
1476.965503	 143.264698
1479.180127	 143.321177
1481.399824	 143.377580
1483.624607	 143.433908
1485.854489	 143.490160
1488.089485	 143.546335
1490.329607	 143.602436
1492.574869	 143.658461
1494.825285	 143.714410
1497.080868	 143.770284
1499.341632	 143.826083
1501.607591	 143.881806
1503.878758	 143.937454
1506.155148	 143.993027
1508.436773	 144.048526
1510.723649	 144.103949
1513.015788	 144.159297
1515.313205	 144.214571
1517.615913	 144.269769
1519.923927	 144.324893
1522.237261	 144.379943
1524.555928	 144.434918
1526.879943	 144.489818
1529.209320	 144.544644
1531.544073	 144.599396
1533.884216	 144.654073
1536.229763	 144.708676
1538.580729	 144.763205
1540.937128	 144.817660
1543.298975	 144.872041
1545.666283	 144.926348
1548.039067	 144.980581
1550.417341	 145.034740
1552.801121	 145.088826
1555.190420	 145.142838
1557.585253	 145.196776
1559.985634	 145.250640
1562.391579	 145.304431
1564.803102	 145.358149
1567.220217	 145.411793
1569.642940	 145.465364
1572.071284	 145.518862
1574.505266	 145.572286
1576.944899	 145.625637
1579.390199	 145.678915
1581.841180	 145.732120
1584.297858	 145.785252
1586.760248	 145.838311
1589.228363	 145.891298
1591.702221	 145.944211
1594.181835	 145.997052
1596.667220	 146.049820
1599.158393	 146.102515
1601.655368	 146.155138
1604.158160	 146.207688
1606.666785	 146.260166
1609.181258	 146.312571
1611.701594	 146.364904
1614.227809	 146.417165
1616.759919	 146.469353
1619.297938	 146.521470
1621.841882	 146.573514
1624.391767	 146.625486
1626.947609	 146.677386
1629.509422	 146.729214
1632.077224	 146.780970
1634.651028	 146.832654
1637.230852	 146.884266
1639.816711	 146.935807
1642.408621	 146.987276
1645.006597	 147.038673
1647.610656	 147.089999
1650.220813	 147.141253
1652.837085	 147.192436
1655.459488	 147.243547
1658.088037	 147.294587
1660.722749	 147.345555
1663.363639	 147.396452
1666.010725	 147.447278
1668.664022	 147.498033
1671.323546	 147.548717
1673.989315	 147.599329
1676.661344	 147.649871
1679.339649	 147.700341
1682.024247	 147.750741
1684.715155	 147.801069
1687.412389	 147.851327
1690.115965	 147.901514
1692.825901	 147.951631
1695.542212	 148.001677
1698.264916	 148.051652
1700.994030	 148.101556
1703.729569	 148.151390
1706.471551	 148.201154
1709.219992	 148.250847
1711.974911	 148.300469
1714.736322	 148.350022
1717.504244	 148.399504
1720.278694	 148.448916
1723.059688	 148.498257
1725.847243	 148.547529
1728.641377	 148.596731
1731.442108	 148.645862
1734.249451	 148.694923
1737.063425	 148.743915
1739.884046	 148.792837
1742.711333	 148.841689
1745.545302	 148.890471
1748.385971	 148.939183
1751.233358	 148.987825
1754.087479	 149.036398
1756.948353	 149.084902
1759.815997	 149.133336
1762.690429	 149.181700
1765.571667	 149.229995
1768.459727	 149.278220
1771.354629	 149.326377
1774.256390	 149.374463
1777.165027	 149.422481
1780.080559	 149.470429
1783.003004	 149.518309
1785.932379	 149.566119
1788.868703	 149.613860
1791.811994	 149.661532
1794.762270	 149.709135
1797.719550	 149.756669
1800.683850	 149.804134
1803.655191	 149.851531
1806.633589	 149.898859
1809.619064	 149.946118
1812.611634	 149.993308
1815.611317	 150.040429
1818.618131	 150.087483
1821.632097	 150.134467
1824.653231	 150.181383
1827.681553	 150.228231
1830.717081	 150.275010
1833.759834	 150.321721
1836.809831	 150.368363
1839.867091	 150.414938
1842.931633	 150.461444
1846.003475	 150.507882
1849.082637	 150.554251
1852.169137	 150.600553
1855.262995	 150.646787
1858.364230	 150.692953
1861.472860	 150.739050
1864.588906	 150.785080
1867.712386	 150.831043
1870.843320	 150.876937
1873.981727	 150.922764
1877.127626	 150.968522
1880.281038	 151.014214
1883.441980	 151.059837
1886.610474	 151.105394
1889.786539	 151.150882
1892.970194	 151.196304
1896.161458	 151.241657
1899.360353	 151.286944
1902.566897	 151.332163
1905.781110	 151.377315
1909.003013	 151.422399
1912.232625	 151.467417
1915.469966	 151.512367
1918.715056	 151.557251
1921.967916	 151.602067
1925.228565	 151.646816
1928.497024	 151.691499
1931.773313	 151.736114
1935.057452	 151.780663
1938.349462	 151.825145
1941.649363	 151.869560
1944.957175	 151.913908
1948.272919	 151.958190
1951.596616	 152.002405
1954.928286	 152.046554
1958.267950	 152.090636
1961.615628	 152.134651
1964.971341	 152.178601
1968.335110	 152.222484
1971.706956	 152.266300
1975.086901	 152.310051
1978.474963	 152.353735
1981.871166	 152.397353
1985.275529	 152.440904
1988.688075	 152.484390
1992.108823	 152.527810
1995.537796	 152.571163
1998.975015	 152.614451
2002.420501	 152.657673
2005.874274	 152.700829
2009.336358	 152.743919
2012.806773	 152.786944
2016.285541	 152.829903
2019.772684	 152.872796
2023.268222	 152.915623
2026.772179	 152.958385
2030.284575	 153.001082
2033.805432	 153.043713
2037.334772	 153.086279
2040.872618	 153.128779
2044.418991	 153.171214
2047.973913	 153.213584
2051.537406	 153.255888
2055.109493	 153.298128
2058.690196	 153.340302
2062.279536	 153.382411
2065.877536	 153.424455
2069.484219	 153.466434
2073.099607	 153.508349
2076.723723	 153.550198
2080.356588	 153.591983
2083.998226	 153.633702
2087.648659	 153.675357
2091.307911	 153.716948
2094.976002	 153.758473
2098.652957	 153.799935
2102.338799	 153.841331
2106.033550	 153.882663
2109.737233	 153.923931
2113.449871	 153.965134
2117.171488	 154.006273
2120.902106	 154.047348
2124.641750	 154.088358
2128.390441	 154.129305
2132.148203	 154.170187
2135.915060	 154.211005
2139.691036	 154.251759
2143.476153	 154.292449
2147.270435	 154.333075
2151.073907	 154.373637
2154.886591	 154.414135
2158.708511	 154.454570
2162.539691	 154.494941
2166.380155	 154.535248
2170.229928	 154.575491
2174.089032	 154.615671
2177.957491	 154.655787
2181.835331	 154.695840
2185.722575	 154.735829
2189.619248	 154.775755
2193.525373	 154.815618
2197.440975	 154.855417
2201.366078	 154.895154
2205.300707	 154.934826
2209.244887	 154.974436
2213.198641	 155.013983
2217.161995	 155.053466
2221.134973	 155.092887
2225.117601	 155.132245
2229.109902	 155.171540
2233.111902	 155.210771
2237.123625	 155.249941
2241.145097	 155.289047
2245.176343	 155.328091
2249.217388	 155.367072
2253.268258	 155.405990
2257.328976	 155.444846
2261.399569	 155.483640
2265.480062	 155.522371
2269.570481	 155.561040
2273.670851	 155.599646
2277.781197	 155.638190
2281.901546	 155.676672
2286.031923	 155.715092
2290.172353	 155.753449
2294.322863	 155.791745
2298.483479	 155.829978
2302.654226	 155.868150
2306.835130	 155.906259
2311.026218	 155.944307
2315.227516	 155.982293
2319.439049	 156.020217
2323.660845	 156.058080
2327.892929	 156.095881
2332.135329	 156.133620
2336.388069	 156.171298
2340.651178	 156.208914
2344.924682	 156.246468
2349.208606	 156.283962
2353.502979	 156.321394
2357.807827	 156.358764
2362.123176	 156.396074
2366.449055	 156.433322
2370.785489	 156.470509
2375.132505	 156.507635
2379.490132	 156.544701
2383.858396	 156.581705
2388.237324	 156.618648
2392.626944	 156.655530
2397.027284	 156.692352
2401.438370	 156.729112
2405.860230	 156.765812
2410.292892	 156.802452
2414.736384	 156.839031
2419.190734	 156.875549
2423.655968	 156.912007
2428.132116	 156.948404
2432.619204	 156.984741
2437.117262	 157.021018
2441.626317	 157.057234
2446.146398	 157.093390
2450.677532	 157.129486
2455.219748	 157.165522
2459.773075	 157.201498
2464.337540	 157.237414
2468.913173	 157.273269
2473.500002	 157.309065
2478.098056	 157.344802
2482.707363	 157.380478
2487.327952	 157.416095
2491.959852	 157.451651
2496.603093	 157.487149
2501.257702	 157.522587
2505.923710	 157.557965
2510.601146	 157.593284
2515.290038	 157.628543
2519.990416	 157.663743
2524.702309	 157.698884
2529.425748	 157.733965
2534.160760	 157.768988
2538.907377	 157.803951
2543.665628	 157.838855
2548.435542	 157.873700
2553.217150	 157.908486
2558.010480	 157.943214
2562.815564	 157.977882
2567.632432	 158.012492
2572.461113	 158.047043
2577.301637	 158.081535
2582.154036	 158.115968
2587.018339	 158.150343
2591.894576	 158.184660
2596.782780	 158.218918
2601.682979	 158.253118
2606.595204	 158.287259
2611.519487	 158.321342
2616.455858	 158.355367
2621.404348	 158.389334
2626.364988	 158.423242
2631.337809	 158.457093
2636.322843	 158.490885
2641.320120	 158.524620
2646.329671	 158.558296
2651.351529	 158.591915
2656.385724	 158.625476
2661.432288	 158.658979
2666.491253	 158.692425
2671.562651	 158.725813
2676.646512	 158.759143
2681.742869	 158.792416
2686.851754	 158.825632
2691.973199	 158.858790
2697.107236	 158.891891
2702.253897	 158.924935
2707.413214	 158.957921
2712.585220	 158.990850
2717.769947	 159.023723
2722.967427	 159.056538
2728.177694	 159.089296
2733.400779	 159.121997
2738.636716	 159.154642
2743.885536	 159.187229
2749.147274	 159.219760
2754.421962	 159.252234
2759.709633	 159.284652
2765.010321	 159.317013
2770.324058	 159.349317
2775.650877	 159.381565
2780.990813	 159.413757
2786.343898	 159.445892
2791.710167	 159.477971
2797.089652	 159.509994
2802.482388	 159.541961
2807.888408	 159.573871
2813.307747	 159.605726
2818.740437	 159.637524
2824.186514	 159.669267
2829.646011	 159.700954
2835.118962	 159.732585
2840.605403	 159.764160
2846.105366	 159.795679
2851.618888	 159.827143
2857.146002	 159.858552
2862.686742	 159.889904
2868.241145	 159.921202
2873.809244	 159.952444
2879.391074	 159.983631
2884.986671	 160.014762
2890.596069	 160.045838
2896.219304	 160.076859
2901.856411	 160.107825
2907.507425	 160.138736
2913.172382	 160.169592
2918.851317	 160.200393
2924.544266	 160.231139
2930.251264	 160.261830
2935.972348	 160.292467
2941.707553	 160.323049
2947.456916	 160.353576
2953.220471	 160.384049
2958.998256	 160.414468
2964.790307	 160.444831
2970.596659	 160.475141
2976.417350	 160.505396
2982.252416	 160.535597
2988.101894	 160.565744
2993.965819	 160.595836
2999.844230	 160.625875
3005.737162	 160.655860
3011.644654	 160.685790
3017.566741	 160.715667
3023.503461	 160.745490
3029.454852	 160.775259
3035.420950	 160.804974
3041.401793	 160.834636
3047.397419	 160.864244
3053.407865	 160.893799
3059.433169	 160.923300
3065.473369	 160.952748
3071.528503	 160.982142
3077.598608	 161.011484
3083.683722	 161.040772
3089.783885	 161.070006
3095.899134	 161.099188
3102.029508	 161.128317
3108.175044	 161.157393
3114.335782	 161.186415
3120.511760	 161.215385
3126.703018	 161.244302
3132.909593	 161.273167
3139.131525	 161.301979
3145.368853	 161.330738
3151.621617	 161.359445
3157.889854	 161.388099
3164.173605	 161.416700
3170.472909	 161.445250
3176.787806	 161.473747
3183.118335	 161.502192
3189.464536	 161.530584
3195.826449	 161.558925
3202.204114	 161.587214
3208.597570	 161.615450
3215.006859	 161.643635
3221.432020	 161.671767
3227.873093	 161.699848
3234.330119	 161.727878
3240.803139	 161.755855
3247.292193	 161.783781
3253.797322	 161.811656
3260.318566	 161.839479
3266.855968	 161.867250
3273.409567	 161.894970
3279.979405	 161.922639
3286.565523	 161.950257
3293.167962	 161.977823
3299.786765	 162.005338
3306.421972	 162.032802
3313.073625	 162.060216
3319.741767	 162.087578
3326.426438	 162.114890
3333.127681	 162.142150
3339.845538	 162.169360
3346.580051	 162.196519
3353.331262	 162.223628
3360.099214	 162.250686
3366.883950	 162.277694
3373.685511	 162.304651
3380.503941	 162.331558
3387.339283	 162.358414
3394.191579	 162.385221
3401.060872	 162.411977
3407.947206	 162.438683
3414.850624	 162.465339
3421.771169	 162.491945
3428.708884	 162.518501
3435.663814	 162.545007
3442.636002	 162.571464
3449.625492	 162.597870
3456.632327	 162.624228
3463.656552	 162.650535
3470.698211	 162.676793
3477.757348	 162.703001
3484.834007	 162.729160
3491.928233	 162.755270
