100.000000	 20.000000
100.192968	 19.857283
100.386613	 19.715808
100.580935	 19.575564
100.775935	 19.436540
100.971615	 19.298724
101.167973	 19.162106
101.365011	 19.026674
101.562728	 18.892419
101.761127	 18.759329
101.960207	 18.627394
102.159968	 18.496604
102.360412	 18.366947
102.561538	 18.238415
102.763348	 18.110996
102.965841	 17.984682
103.169019	 17.859461
103.372881	 17.735324
103.577429	 17.612262
103.782663	 17.490264
103.988584	 17.369322
104.195191	 17.249425
104.402487	 17.130565
104.610470	 17.012732
104.819143	 16.895917
105.028505	 16.780111
105.238557	 16.665304
105.449299	 16.551489
105.660733	 16.438656
105.872859	 16.326796
106.085676	 16.215901
106.299187	 16.105962
106.513392	 15.996971
106.728291	 15.888920
106.943884	 15.781799
107.160174	 15.675601
107.377159	 15.570318
107.594841	 15.465941
107.813221	 15.362463
108.032298	 15.259875
108.252074	 15.158170
108.472550	 15.057340
108.693726	 14.957377
108.915602	 14.858274
109.138180	 14.760023
109.361460	 14.662617
109.585443	 14.566048
109.810129	 14.470309
110.035519	 14.375392
110.261614	 14.281291
110.488415	 14.187998
110.715922	 14.095506
110.944135	 14.003808
111.173057	 13.912898
111.402687	 13.822768
111.633026	 13.733412
111.864075	 13.644822
112.095834	 13.556993
112.328305	 13.469918
112.561488	 13.383589
112.795384	 13.298001
113.029994	 13.213148
113.265318	 13.129022
113.501357	 13.045618
113.738112	 12.962929
113.975583	 12.880950
114.213773	 12.799673
114.452680	 12.719093
114.692307	 12.639205
114.932654	 12.560001
115.173721	 12.481477
115.415510	 12.403626
115.658021	 12.326442
115.901256	 12.249921
116.145214	 12.174055
116.389898	 12.098840
116.635307	 12.024270
116.881442	 11.950340
117.128305	 11.877043
117.375897	 11.804375
117.624217	 11.732331
117.873268	 11.660904
118.123049	 11.590091
118.373562	 11.519884
118.624807	 11.450281
118.876787	 11.381274
119.129500	 11.312860
119.382949	 11.245032
119.637134	 11.177787
119.892056	 11.111120
120.147717	 11.045025
120.404116	 10.979497
120.661255	 10.914533
120.919135	 10.850126
121.177757	 10.786273
121.437121	 10.722969
121.697230	 10.660209
121.958082	 10.597989
122.219681	 10.536304
122.482026	 10.475149
122.745118	 10.414521
123.008959	 10.354414
123.273550	 10.294826
123.538891	 10.235750
123.804983	 10.177183
124.071828	 10.119121
124.339426	 10.061560
124.607779	 10.004494
124.876887	 9.947922
125.146752	 9.891837
125.417374	 9.836237
125.688755	 9.781116
125.960895	 9.726472
126.233796	 9.672301
126.507459	 9.618597
126.781885	 9.565359
127.057074	 9.512581
127.333028	 9.460260
127.609748	 9.408392
127.887235	 9.356974
128.165490	 9.306002
128.444514	 9.255472
128.724309	 9.205380
129.004875	 9.155724
129.286213	 9.106500
129.568325	 9.057703
129.851211	 9.009331
130.134873	 8.961380
130.419312	 8.913847
130.704529	 8.866728
130.990526	 8.820021
131.277302	 8.773721
131.564860	 8.727825
131.853200	 8.682331
132.142324	 8.637234
132.432233	 8.592533
132.722929	 8.548223
133.014411	 8.504302
133.306681	 8.460766
133.599741	 8.417612
133.893592	 8.374838
134.188235	 8.332440
134.483671	 8.290415
134.779901	 8.248760
135.076927	 8.207474
135.374749	 8.166551
135.673369	 8.125990
135.972789	 8.085788
136.273009	 8.045942
136.574030	 8.006449
136.875854	 7.967307
137.178483	 7.928512
137.481916	 7.890062
137.786156	 7.851955
138.091204	 7.814187
138.397061	 7.776756
138.703729	 7.739659
139.011208	 7.702894
139.319499	 7.666459
139.628605	 7.630350
139.938527	 7.594565
140.249265	 7.559101
140.560821	 7.523957
140.873197	 7.489129
141.186393	 7.454616
141.500411	 7.420414
141.815252	 7.386522
142.130918	 7.352938
142.447410	 7.319657
142.764729	 7.286680
143.082876	 7.254002
143.401853	 7.221623
143.721662	 7.189539
144.042303	 7.157748
144.363778	 7.126249
144.686089	 7.095039
145.009236	 7.064115
145.333221	 7.033476
145.658045	 7.003120
145.983710	 6.973044
146.310217	 6.943247
146.637568	 6.913726
146.965764	 6.884479
147.294806	 6.855505
147.624696	 6.826800
147.955435	 6.798364
148.287024	 6.770194
148.619465	 6.742289
148.952760	 6.714645
149.286909	 6.687263
149.621915	 6.660139
149.957778	 6.633271
150.294501	 6.606658
150.632084	 6.580299
150.970529	 6.554190
151.309837	 6.528331
151.650010	 6.502719
151.991050	 6.477353
152.332957	 6.452231
152.675734	 6.427351
153.019381	 6.402712
153.363901	 6.378312
153.709294	 6.354149
154.055563	 6.330221
154.402708	 6.306527
154.750731	 6.283065
155.099634	 6.259834
155.449419	 6.236831
155.800086	 6.214056
156.151637	 6.191507
156.504074	 6.169182
156.857398	 6.147079
157.211611	 6.125198
157.566715	 6.103536
157.922710	 6.082092
158.279599	 6.060865
158.637382	 6.039852
158.996062	 6.019054
159.355641	 5.998467
159.716118	 5.978092
160.077498	 5.957925
160.439779	 5.937967
160.802965	 5.918215
161.167057	 5.898668
161.532057	 5.879325
161.897966	 5.860184
162.264785	 5.841244
162.632516	 5.822504
163.001162	 5.803963
163.370722	 5.785618
163.741200	 5.767470
164.112597	 5.749516
164.484914	 5.731755
164.858152	 5.714187
165.232315	 5.696809
165.607402	 5.679621
165.983416	 5.662621
166.360359	 5.645808
166.738232	 5.629181
167.117036	 5.612740
167.496774	 5.596481
167.877446	 5.580406
168.259056	 5.564511
168.641604	 5.548797
169.025091	 5.533262
169.409521	 5.517905
169.794893	 5.502725
170.181211	 5.487721
170.568475	 5.472892
170.956688	 5.458236
171.345851	 5.443753
171.735965	 5.429441
172.127033	 5.415300
172.519056	 5.401329
172.912036	 5.387526
173.305975	 5.373891
173.700874	 5.360422
174.096734	 5.347119
174.493559	 5.333980
174.891349	 5.321005
175.290105	 5.308193
175.689831	 5.295543
176.090528	 5.283054
176.492196	 5.270724
176.894839	 5.258554
177.298458	 5.246541
177.703054	 5.234686
178.108630	 5.222988
178.515186	 5.211444
178.922726	 5.200056
179.331250	 5.188821
179.740760	 5.177740
180.151259	 5.166810
180.562747	 5.156032
180.975227	 5.145404
181.388701	 5.134926
181.803170	 5.124597
182.218636	 5.114416
182.635100	 5.104383
183.052566	 5.094496
183.471034	 5.084755
183.890506	 5.075159
184.310984	 5.065707
184.732469	 5.056399
185.154965	 5.047234
185.578472	 5.038211
186.002992	 5.029330
186.428528	 5.020589
186.855080	 5.011988
187.282651	 5.003527
187.711242	 4.995205
188.140856	 4.987021
188.571495	 4.978974
189.003159	 4.971064
189.435851	 4.963290
189.869573	 4.955651
190.304327	 4.948148
190.740114	 4.940778
191.176937	 4.933543
191.614796	 4.926440
192.053695	 4.919470
192.493635	 4.912632
192.934617	 4.905925
193.376644	 4.899348
193.819718	 4.892902
194.263840	 4.886586
194.709013	 4.880399
195.155237	 4.874340
195.602516	 4.868409
196.050850	 4.862605
196.500243	 4.856929
196.950695	 4.851379
197.402209	 4.845955
197.854786	 4.840656
198.308429	 4.835483
198.763139	 4.830433
199.218918	 4.825508
199.675768	 4.820706
200.133692	 4.816028
200.592690	 4.811471
201.052766	 4.807037
201.513920	 4.802725
201.976155	 4.798534
202.439473	 4.794464
202.903875	 4.790514
203.369363	 4.786685
203.835941	 4.782975
204.303608	 4.779384
204.772368	 4.775912
205.242222	 4.772558
205.713172	 4.769322
206.185221	 4.766204
206.658369	 4.763204
207.132620	 4.760320
207.607974	 4.757553
208.084435	 4.754902
208.562003	 4.752367
209.040681	 4.749947
209.520471	 4.747643
210.001375	 4.745453
210.483394	 4.743379
210.966532	 4.741418
211.450788	 4.739571
211.936167	 4.737838
212.422669	 4.736219
212.910297	 4.734712
213.399052	 4.733318
213.888936	 4.732037
214.379953	 4.730868
214.872102	 4.729811
215.365387	 4.728866
215.859810	 4.728032
216.355371	 4.727309
216.852075	 4.726698
217.349921	 4.726197
217.848913	 4.725807
218.349053	 4.725527
218.850341	 4.725357
219.352782	 4.725297
219.856375	 4.725346
220.361124	 4.725505
220.867030	 4.725774
221.374095	 4.726151
221.882322	 4.726638
222.391711	 4.727233
222.902267	 4.727937
223.413989	 4.728749
223.926881	 4.729669
224.440944	 4.730698
224.956181	 4.731834
225.472593	 4.733078
225.990182	 4.734430
226.508950	 4.735890
227.028900	 4.737457
227.550033	 4.739131
228.072352	 4.740912
228.595858	 4.742801
229.120553	 4.744796
229.646440	 4.746898
230.173520	 4.749108
230.701795	 4.751423
231.231268	 4.753846
231.761940	 4.756375
232.293814	 4.759010
232.826891	 4.761752
233.361174	 4.764600
233.896664	 4.767555
234.433363	 4.770616
234.971275	 4.773783
235.510399	 4.777056
236.050739	 4.780435
236.592297	 4.783921
237.135074	 4.787512
237.679073	 4.791210
238.224295	 4.795014
238.770743	 4.798924
239.318419	 4.802940
239.867324	 4.807062
240.417461	 4.811290
240.968831	 4.815624
241.521437	 4.820065
242.075281	 4.824611
242.630364	 4.829264
243.186689	 4.834023
243.744258	 4.838888
244.303072	 4.843860
244.863134	 4.848938
245.424446	 4.854123
245.987009	 4.859414
246.550826	 4.864812
247.115899	 4.870316
247.682229	 4.875927
248.249819	 4.881645
248.818671	 4.887470
249.388786	 4.893402
249.960167	 4.899442
250.532816	 4.905588
251.106734	 4.911842
251.681924	 4.918203
252.258387	 4.924672
252.836126	 4.931249
253.415143	 4.937934
253.995439	 4.944727
254.577017	 4.951628
255.159879	 4.958637
255.744025	 4.965755
256.329460	 4.972982
256.916183	 4.980317
257.504199	 4.987762
258.093507	 4.995315
258.684111	 5.002978
259.276012	 5.010751
259.869212	 5.018634
260.463714	 5.026626
261.059519	 5.034729
261.656628	 5.042943
262.255045	 5.051266
262.854771	 5.059701
263.455808	 5.068247
264.058157	 5.076905
264.661822	 5.085674
265.266803	 5.094555
265.873103	 5.103548
266.480723	 5.112653
267.089666	 5.121871
267.699933	 5.131202
268.311527	 5.140646
268.924449	 5.150204
269.538701	 5.159875
270.154285	 5.169661
270.771203	 5.179561
271.389456	 5.189576
272.009048	 5.199706
272.629979	 5.209951
273.252251	 5.220312
273.875867	 5.230789
274.500828	 5.241382
275.127136	 5.252092
275.754793	 5.262919
276.383801	 5.273863
277.014162	 5.284925
277.645876	 5.296106
278.278948	 5.307405
278.913377	 5.318822
279.549166	 5.330360
280.186317	 5.342016
280.824832	 5.353793
281.464712	 5.365691
282.105960	 5.377709
282.748576	 5.389849
283.392563	 5.402111
284.037923	 5.414494
284.684657	 5.427001
285.332767	 5.439630
285.982255	 5.452384
286.633123	 5.465261
287.285372	 5.478262
287.939005	 5.491389
288.594022	 5.504641
289.250426	 5.518019
289.908218	 5.531524
290.567401	 5.545155
291.227975	 5.558914
291.889942	 5.572801
292.553305	 5.586816
293.218065	 5.600960
293.884223	 5.615234
294.551781	 5.629638
295.220742	 5.644173
295.891105	 5.658839
296.562874	 5.673636
297.236050	 5.688566
297.910634	 5.703629
298.586628	 5.718826
299.264034	 5.734156
299.942853	 5.749621
300.623087	 5.765222
301.304737	 5.780958
301.987805	 5.796831
302.672293	 5.812841
303.358202	 5.828989
304.045533	 5.845276
304.734289	 5.861701
305.424470	 5.878266
306.116078	 5.894972
306.809115	 5.911819
307.503583	 5.928808
308.199482	 5.945939
308.896814	 5.963213
309.595580	 5.980631
310.295783	 5.998194
310.997423	 6.015903
311.700502	 6.033757
312.405021	 6.051758
313.110982	 6.069907
313.818385	 6.088204
314.527233	 6.106650
315.237527	 6.125246
315.949268	 6.143993
316.662458	 6.162891
317.377097	 6.181941
318.093187	 6.201145
318.810730	 6.220502
319.529726	 6.240014
320.250177	 6.259681
320.972085	 6.279505
321.695449	 6.299486
322.420273	 6.319625
323.146556	 6.339923
323.874300	 6.360381
324.603506	 6.381000
325.334175	 6.401780
326.066309	 6.422723
326.799909	 6.443829
327.534975	 6.465100
328.271509	 6.486535
329.009512	 6.508138
329.748985	 6.529907
330.489929	 6.551844
331.232345	 6.573951
331.976235	 6.596228
332.721598	 6.618675
333.468436	 6.641295
334.216750	 6.664088
334.966541	 6.687055
335.717810	 6.710198
336.470558	 6.733516
337.224786	 6.757012
337.980494	 6.780686
338.737683	 6.804540
339.496355	 6.828574
340.256510	 6.852790
341.018149	 6.877188
341.781272	 6.901770
342.545881	 6.926537
343.311975	 6.951490
344.079557	 6.976631
344.848626	 7.001960
345.619184	 7.027478
346.391230	 7.053187
347.164766	 7.079088
347.939791	 7.105182
348.716308	 7.131471
349.494316	 7.157955
350.273815	 7.184635
351.054807	 7.211514
351.837292	 7.238593
352.621270	 7.265871
353.406742	 7.293352
354.193708	 7.321036
354.982168	 7.348924
355.772123	 7.377019
356.563574	 7.405320
357.356520	 7.433830
358.150963	 7.462549
358.946901	 7.491480
359.744336	 7.520624
360.543268	 7.549981
361.343696	 7.579554
362.145622	 7.609344
362.949045	 7.639352
363.753965	 7.669580
364.560382	 7.700029
365.368298	 7.730700
366.177710	 7.761596
366.988620	 7.792717
367.801028	 7.824066
368.614933	 7.855643
369.430336	 7.887450
370.247236	 7.919489
371.065633	 7.951762
371.885527	 7.984269
372.706917	 8.017013
373.529805	 8.049995
374.354188	 8.083217
375.180068	 8.116680
376.007444	 8.150386
376.836314	 8.184337
377.666680	 8.218534
378.498540	 8.252979
379.331895	 8.287675
380.166743	 8.322621
381.003084	 8.357821
381.840918	 8.393276
382.680243	 8.428988
383.521060	 8.464958
384.363368	 8.501189
385.207166	 8.537682
386.052453	 8.574439
386.899228	 8.611462
387.747492	 8.648752
388.597242	 8.686313
389.448478	 8.724144
390.301199	 8.762249
391.155405	 8.800630
392.011093	 8.839288
392.868264	 8.878225
393.726916	 8.917443
394.587048	 8.956945
395.448659	 8.996732
396.311748	 9.036806
397.176313	 9.077169
398.042353	 9.117824
398.909867	 9.158772
399.778854	 9.200016
400.649312	 9.241557
401.521239	 9.283399
402.394635	 9.325542
403.269498	 9.367989
404.145826	 9.410743
405.023618	 9.453805
405.902871	 9.497177
406.783585	 9.540863
407.665758	 9.584864
408.549387	 9.629182
409.434472	 9.673821
410.321009	 9.718781
411.208998	 9.764065
412.098436	 9.809677
412.989321	 9.855617
413.881652	 9.901889
414.775425	 9.948495
415.670640	 9.995437
416.567293	 10.042718
417.465383	 10.090340
418.364906	 10.138305
419.265862	 10.186617
420.168247	 10.235278
421.072060	 10.284290
421.977296	 10.333655
422.883955	 10.383377
423.792033	 10.433458
424.701528	 10.483901
425.612436	 10.534707
426.524756	 10.585881
427.438484	 10.637424
428.353618	 10.689339
429.270155	 10.741630
430.188091	 10.794298
431.107423	 10.847346
432.028150	 10.900778
432.950266	 10.954595
433.873770	 11.008802
434.798657	 11.063400
435.724925	 11.118392
436.652571	 11.173782
437.581590	 11.229573
438.511979	 11.285766
439.443735	 11.342366
440.376855	 11.399375
441.311333	 11.456796
442.247168	 11.514632
443.184354	 11.572886
444.122888	 11.631562
445.062767	 11.690661
446.003985	 11.750189
446.946540	 11.810146
447.890427	 11.870537
448.835641	 11.931365
449.782180	 11.992633
450.730037	 12.054344
451.679210	 12.116501
452.629693	 12.179108
453.581482	 12.242168
454.534572	 12.305684
455.488960	 12.369660
456.444639	 12.434098
457.401607	 12.499002
458.359856	 12.564376
459.319384	 12.630223
460.280184	 12.696546
461.242252	 12.763349
462.205582	 12.830635
463.170170	 12.898408
464.136010	 12.966671
465.103097	 13.035428
466.071426	 13.104682
467.040991	 13.174437
468.011786	 13.244696
468.983806	 13.315464
469.957046	 13.386743
470.931499	 13.458538
471.907160	 13.530851
472.884022	 13.603688
473.862081	 13.677051
474.841330	 13.750944
475.821762	 13.825371
476.803372	 13.900335
477.786154	 13.975842
478.770100	 14.051893
479.755205	 14.128494
480.741462	 14.205648
481.728865	 14.283360
482.717407	 14.361632
483.707081	 14.440468
484.697880	 14.519874
485.689798	 14.599853
486.682828	 14.680408
487.676962	 14.761544
488.672194	 14.843265
489.668516	 14.925574
490.665922	 15.008477
491.664403	 15.091977
492.663952	 15.176078
493.664563	 15.260784
494.666226	 15.346100
495.668936	 15.432029
496.672683	 15.518577
497.677460	 15.605746
498.683260	 15.693541
499.690074	 15.781967
500.697894	 15.871028
501.706712	 15.960728
502.716519	 16.051071
503.727309	 16.142062
504.739071	 16.233705
505.751799	 16.326004
506.765482	 16.418964
507.780113	 16.512590
508.795683	 16.606884
509.812183	 16.701853
510.829604	 16.797500
511.847937	 16.893830
512.867173	 16.990847
513.887304	 17.088556
514.908319	 17.186961
515.930210	 17.286066
516.952967	 17.385877
517.976582	 17.486398
519.001043	 17.587634
520.026342	 17.689588
521.052469	 17.792265
522.079414	 17.895671
523.107168	 17.999809
524.135720	 18.104684
525.165061	 18.210302
526.195180	 18.316665
527.226067	 18.423780
528.257712	 18.531650
529.290104	 18.640281
530.323234	 18.749677
531.357091	 18.859842
532.391663	 18.970782
533.426941	 19.082501
534.462914	 19.195003
535.499570	 19.308294
536.536900	 19.422378
537.574892	 19.537260
538.613534	 19.652943
539.652817	 19.769435
540.692728	 19.886737
541.733257	 20.004857
542.774391	 20.123798
543.816121	 20.243564
544.858433	 20.364161
545.901317	 20.485594
546.944761	 20.607866
547.988753	 20.730983
549.033281	 20.854950
550.078334	 20.979770
551.123899	 21.105450
552.169965	 21.231992
553.216519	 21.359403
554.263550	 21.487687
555.311044	 21.616848
556.358990	 21.746891
557.407376	 21.877820
558.456189	 22.009641
559.505416	 22.142358
560.555045	 22.275975
561.605064	 22.410497
562.655459	 22.545929
563.706218	 22.682275
564.757328	 22.819540
565.808776	 22.957728
566.860549	 23.096844
567.912635	 23.236892
568.965020	 23.377876
570.017691	 23.519802
571.070635	 23.662673
572.123839	 23.806495
573.177289	 23.951270
574.230972	 24.097004
575.284876	 24.243701
576.338985	 24.391366
577.393288	 24.540002
578.447770	 24.689613
579.502418	 24.840205
580.557218	 24.991781
581.612157	 25.144345
582.667220	 25.297901
583.722395	 25.452454
584.777667	 25.608007
585.833023	 25.764564
586.888449	 25.922130
587.943931	 26.080709
588.999454	 26.240303
590.055006	 26.400918
591.110572	 26.562556
592.166138	 26.725222
593.221690	 26.888919
594.277214	 27.053651
595.332696	 27.219422
596.388122	 27.386234
597.443478	 27.554092
598.498750	 27.722999
599.553923	 27.892959
600.608983	 28.063974
601.663917	 28.236047
602.718709	 28.409183
603.773347	 28.583385
604.827815	 28.758655
605.882100	 28.934996
606.936187	 29.112411
607.990062	 29.290904
609.043711	 29.470477
610.097120	 29.651133
611.150274	 29.832874
612.203160	 30.015704
613.255762	 30.199624
614.308068	 30.384638
615.360063	 30.570747
616.411733	 30.757954
617.463063	 30.946262
618.514040	 31.135671
619.564649	 31.326185
620.614877	 31.517806
621.664710	 31.710535
622.714133	 31.904374
623.763133	 32.099325
624.811696	 32.295390
625.859808	 32.492570
626.907454	 32.690866
627.954622	 32.890280
629.001298	 33.090814
630.047468	 33.292468
631.093118	 33.495244
632.138235	 33.699142
633.182805	 33.904164
634.226815	 34.110309
635.270251	 34.317580
636.313100	 34.525976
637.355350	 34.735499
638.396986	 34.946147
639.437995	 35.157922
640.478365	 35.370824
641.518082	 35.584853
642.557134	 35.800008
643.595508	 36.016290
644.633191	 36.233698
645.670170	 36.452231
646.706434	 36.671890
647.741969	 36.892673
648.776763	 37.114581
649.810804	 37.337610
650.844080	 37.561762
651.876578	 37.787035
652.908288	 38.013426
653.939196	 38.240936
654.969292	 38.469562
655.998563	 38.699303
657.026999	 38.930157
658.054587	 39.162121
659.081317	 39.395195
660.107178	 39.629375
661.132158	 39.864660
662.156247	 40.101047
663.179435	 40.338532
664.201709	 40.577115
665.223061	 40.816791
666.243480	 41.057557
667.262955	 41.299411
668.281477	 41.542349
669.299036	 41.786368
670.315622	 42.031463
671.331226	 42.277632
672.345838	 42.524870
673.359450	 42.773174
674.372052	 43.022539
675.383635	 43.272960
676.394190	 43.524433
677.403710	 43.776954
678.412185	 44.030518
679.419609	 44.285120
680.425971	 44.540755
681.431266	 44.797416
682.435485	 45.055100
683.438621	 45.313801
684.440666	 45.573512
685.441615	 45.834229
686.441458	 46.095944
687.440191	 46.358652
688.437807	 46.622346
689.434300	 46.887020
690.429662	 47.152667
691.423890	 47.419281
692.416976	 47.686854
693.408916	 47.955380
694.399705	 48.224850
695.389337	 48.495259
696.377808	 48.766597
697.365113	 49.038858
698.351249	 49.312033
699.336210	 49.586114
700.319993	 49.861094
701.302594	 50.136963
702.284011	 50.413714
703.264239	 50.691337
704.243277	 50.969824
705.221121	 51.249165
706.197768	 51.529353
707.173218	 51.810376
708.147466	 52.092227
709.120513	 52.374894
710.092357	 52.658369
711.062995	 52.942642
712.032428	 53.227703
713.000654	 53.513540
713.967673	 53.800145
714.933485	 54.087506
715.898090	 54.375613
716.861488	 54.664455
717.823679	 54.954021
718.784665	 55.244301
719.744446	 55.535282
720.703023	 55.826953
721.660399	 56.119304
722.616574	 56.412322
723.571552	 56.705995
724.525334	 57.000312
725.477923	 57.295261
726.429322	 57.590829
727.379533	 57.887004
728.328561	 58.183773
729.276409	 58.481125
730.223080	 58.779046
731.168579	 59.077524
732.112911	 59.376545
733.056079	 59.676097
733.998089	 59.976166
734.938947	 60.276739
735.878657	 60.577802
736.817225	 60.879343
737.754657	 61.181347
738.690960	 61.483800
739.626140	 61.786690
740.560204	 62.090001
741.493159	 62.393720
742.425011	 62.697832
743.355770	 63.002324
744.285442	 63.307181
745.214035	 63.612388
746.141559	 63.917931
747.068020	 64.223795
747.993429	 64.529966
748.917795	 64.836428
749.841126	 65.143167
750.763432	 65.450168
751.684724	 65.757416
752.605011	 66.064895
753.524303	 66.372591
754.442612	 66.680488
755.359948	 66.988571
756.276321	 67.296825
757.191744	 67.605233
758.106228	 67.913781
759.019785	 68.222453
759.932427	 68.531233
760.844165	 68.840106
761.755013	 69.149057
762.664983	 69.458068
763.574089	 69.767125
764.482343	 70.076212
765.389758	 70.385313
766.296349	 70.694411
767.202129	 71.003492
768.107112	 71.312539
769.011313	 71.621537
769.914745	 71.930469
770.817425	 72.239319
771.719366	 72.548072
772.620583	 72.856712
773.521092	 73.165222
774.420909	 73.473587
775.320048	 73.781790
776.218527	 74.089816
777.116360	 74.397650
778.013565	 74.705274
778.910157	 75.012673
779.806153	 75.319831
780.701570	 75.626732
781.596425	 75.933362
782.490734	 76.239703
783.384516	 76.545740
784.277788	 76.851457
785.170566	 77.156839
786.062870	 77.461871
786.954716	 77.766535
787.846123	 78.070818
788.737109	 78.374704
789.627692	 78.678177
790.517890	 78.981222
791.407723	 79.283824
792.297209	 79.585968
793.186366	 79.887638
794.075214	 80.188820
794.963771	 80.489498
795.852058	 80.789659
796.740092	 81.089286
797.627894	 81.388367
798.515483	 81.686885
799.402878	 81.984826
800.290099	 82.282177
801.177165	 82.578923
802.064097	 82.875050
802.950915	 83.170544
803.837638	 83.465391
804.724287	 83.759577
805.610881	 84.053089
806.497440	 84.345913
807.383985	 84.638035
808.270537	 84.929443
809.157114	 85.220124
810.043739	 85.510064
810.930430	 85.799251
811.817210	 86.087672
812.704097	 86.375314
813.591112	 86.662165
814.478276	 86.948213
815.365610	 87.233446
816.253134	 87.517851
817.140868	 87.801418
818.028834	 88.084134
818.917051	 88.365989
819.805540	 88.646970
820.694322	 88.927066
821.583417	 89.206268
822.472847	 89.484564
823.362630	 89.761943
824.252788	 90.038395
825.143341	 90.313911
826.034310	 90.588479
826.925715	 90.862090
827.817577	 91.134735
828.709915	 91.406404
829.602750	 91.677087
830.496103	 91.946776
831.389992	 92.215462
832.284440	 92.483136
833.179465	 92.749789
834.075088	 93.015414
834.971328	 93.280002
835.868205	 93.543545
836.765740	 93.806036
837.663952	 94.067466
838.562861	 94.327830
839.462485	 94.587119
840.362846	 94.845326
841.263961	 95.102446
842.165851	 95.358472
843.068535	 95.613396
843.972031	 95.867214
844.876360	 96.119920
845.781539	 96.371506
846.687587	 96.621970
847.594524	 96.871304
848.502368	 97.119504
849.411137	 97.366565
850.320850	 97.612482
851.231526	 97.857252
852.143181	 98.100869
853.055835	 98.343331
853.969506	 98.584632
854.884210	 98.824769
855.799967	 99.063740
856.716792	 99.301540
857.634705	 99.538167
858.553722	 99.773618
859.473860	 100.007890
860.395137	 100.240982
861.317569	 100.472890
862.241173	 100.703613
863.165966	 100.933148
864.091964	 101.161496
865.019184	 101.388653
865.947642	 101.614619
866.877354	 101.839393
867.808336	 102.062973
868.740604	 102.285360
869.674174	 102.506552
870.609060	 102.726550
871.545280	 102.945354
872.482847	 103.162963
873.421777	 103.379377
874.362084	 103.594598
875.303785	 103.808626
876.246893	 104.021461
877.191423	 104.233105
878.137389	 104.443559
879.084806	 104.652824
880.033687	 104.860901
880.984048	 105.067793
881.935901	 105.273500
882.889260	 105.478026
883.844139	 105.681371
884.800551	 105.883539
885.758509	 106.084532
886.718027	 106.284352
887.679117	 106.483002
888.641793	 106.680485
889.606067	 106.876804
890.571951	 107.071963
891.539459	 107.265963
892.508601	 107.458810
893.479391	 107.650506
894.451840	 107.841056
895.425961	 108.030462
896.401765	 108.218729
897.379263	 108.405862
898.358467	 108.591864
899.339388	 108.776739
900.322038	 108.960492
901.306428	 109.143128
902.292568	 109.324651
903.280470	 109.505066
904.270144	 109.684378
905.261600	 109.862592
906.254849	 110.039713
907.249902	 110.215746
908.246768	 110.390696
909.245458	 110.564569
910.245982	 110.737370
911.248349	 110.909105
912.252569	 111.079780
913.258652	 111.249399
914.266607	 111.417969
915.276444	 111.585496
916.288172	 111.751986
917.301800	 111.917444
918.317338	 112.081877
919.334793	 112.245290
920.354175	 112.407691
921.375494	 112.569085
922.398756	 112.729479
923.423972	 112.888878
924.451149	 113.047291
925.480296	 113.204722
926.511421	 113.361178
927.544532	 113.516667
928.579638	 113.671194
929.616746	 113.824767
930.655864	 113.977391
931.697000	 114.129075
932.740163	 114.279824
933.785359	 114.429645
934.832596	 114.578546
935.881881	 114.726533
936.933223	 114.873612
937.986628	 115.019792
939.042104	 115.165079
940.099658	 115.309479
941.159297	 115.453000
942.221028	 115.595649
943.284858	 115.737433
944.350795	 115.878359
945.418844	 116.018433
946.489013	 116.157664
947.561309	 116.296057
948.635738	 116.433620
949.712308	 116.570361
950.791023	 116.706286
951.871892	 116.841401
952.954920	 116.975716
954.040114	 117.109235
955.127481	 117.241967
956.217026	 117.373918
957.308756	 117.505095
958.402677	 117.635506
959.498796	 117.765158
960.597119	 117.894057
961.697651	 118.022210
962.800398	 118.149625
963.905368	 118.276308
965.012566	 118.402266
966.121997	 118.527507
967.233668	 118.652036
968.347585	 118.775862
969.463753	 118.898990
970.582179	 119.021427
971.702868	 119.143182
972.825826	 119.264259
973.951059	 119.384666
975.078572	 119.504410
976.208371	 119.623497
977.340463	 119.741933
978.474852	 119.859727
979.611544	 119.976883
980.750545	 120.093409
981.891861	 120.209311
983.035497	 120.324596
984.181458	 120.439270
985.329751	 120.553339
986.480381	 120.666810
987.633354	 120.779689
988.788674	 120.891983
989.946348	 121.003697
991.106381	 121.114838
992.268779	 121.225412
993.433547	 121.335426
994.600690	 121.444884
995.770215	 121.553794
996.942126	 121.662161
998.116429	 121.769991
999.293130	 121.877291
1000.472235	 121.984065
1001.653748	 122.090320
1002.837675	 122.196062
1004.024022	 122.301295
1005.212794	 122.406027
1006.403996	 122.510263
1007.597635	 122.614007
1008.793716	 122.717267
1009.992244	 122.820046
1011.193224	 122.922351
1012.396663	 123.024187
1013.602566	 123.125560
1014.810939	 123.226474
1016.021786	 123.326934
1017.235114	 123.426948
1018.450928	 123.526518
1019.669233	 123.625650
1020.890037	 123.724350
1022.113343	 123.822623
1023.339157	 123.920473
1024.567486	 124.017905
1025.798335	 124.114924
1027.031710	 124.211535
1028.267615	 124.307742
1029.506058	 124.403551
1030.747043	 124.498966
1031.990577	 124.593992
1033.236665	 124.688633
1034.485313	 124.782894
1035.736527	 124.876778
1036.990313	 124.970292
1038.246675	 125.063438
1039.505622	 125.156222
1040.767157	 125.248647
1042.031287	 125.340718
1043.298018	 125.432439
1044.567356	 125.523814
1045.839307	 125.614847
1047.113876	 125.705542
1048.391071	 125.795903
1049.670896	 125.885935
1050.953357	 125.975640
1052.238462	 126.065023
1053.526216	 126.154088
1054.816625	 126.242839
1056.109695	 126.331278
1057.405432	 126.419410
1058.703843	 126.507238
1060.004933	 126.594766
1061.308710	 126.681998
1062.615179	 126.768936
1063.924346	 126.855585
1065.236218	 126.941947
1066.550801	 127.028027
1067.868102	 127.113827
1069.188126	 127.199350
1070.510881	 127.284601
1071.836372	 127.369581
1073.164607	 127.454295
1074.495591	 127.538744
1075.829332	 127.622933
1077.165835	 127.706864
1078.505107	 127.790541
1079.847155	 127.873966
1081.191986	 127.957141
1082.539606	 128.040071
1083.890022	 128.122757
1085.243240	 128.205203
1086.599267	 128.287411
1087.958110	 128.369383
1089.319777	 128.451124
1090.684272	 128.532634
1092.051605	 128.613917
1093.421780	 128.694976
1094.794806	 128.775812
1096.170689	 128.856428
1097.549436	 128.936827
1098.931054	 129.017011
1100.315550	 129.096983
1101.702931	 129.176744
1103.093205	 129.256297
1104.486378	 129.335645
1105.882457	 129.414789
1107.281450	 129.493731
1108.683364	 129.572475
1110.088206	 129.651021
1111.495983	 129.729373
1112.906702	 129.807531
1114.320372	 129.885499
1115.736999	 129.963278
1117.156590	 130.040870
1118.579153	 130.118277
1120.004696	 130.195500
1121.433225	 130.272543
1122.864749	 130.349406
1124.299274	 130.426092
1125.736809	 130.502602
1127.177361	 130.578938
1128.620937	 130.655102
1130.067546	 130.731095
1131.517194	 130.806919
1132.969890	 130.882577
1134.425641	 130.958068
1135.884454	 131.033395
1137.346339	 131.108560
1138.811302	 131.183565
1140.279352	 131.258409
1141.750495	 131.333096
1143.224741	 131.407627
1144.702097	 131.482002
1146.182571	 131.556224
1147.666171	 131.630294
1149.152904	 131.704213
1150.642780	 131.777982
1152.135806	 131.851604
1153.631990	 131.925079
1155.131340	 131.998408
1156.633865	 132.071593
1158.139572	 132.144635
1159.648471	 132.217535
1161.160568	 132.290294
1162.675872	 132.362915
1164.194393	 132.435397
1165.716137	 132.507742
1167.241114	 132.579951
1168.769331	 132.652025
1170.300797	 132.723965
1171.835521	 132.795772
1173.373512	 132.867448
1174.914776	 132.938994
1176.459324	 133.010409
1178.007163	 133.081696
1179.558303	 133.152855
1181.112752	 133.223888
1182.670518	 133.294795
1184.231610	 133.365577
1185.796037	 133.436235
1187.363807	 133.506770
1188.934931	 133.577182
1190.509415	 133.647474
1192.087269	 133.717645
1193.668502	 133.787696
1195.253123	 133.857629
1196.841140	 133.927443
1198.432563	 133.997140
1200.027401	 134.066721
1201.625661	 134.136186
1203.227355	 134.205536
1204.832490	 134.274772
1206.441076	 134.343895
1208.053121	 134.412904
1209.668635	 134.481802
1211.287628	 134.550588
1212.910107	 134.619263
1214.536083	 134.687829
1216.165565	 134.756284
1217.798561	 134.824631
1219.435082	 134.892870
1221.075137	 134.961001
1222.718734	 135.029025
1224.365884	 135.096943
1226.016596	 135.164755
1227.670878	 135.232462
1229.328742	 135.300064
1230.990196	 135.367562
1232.655249	 135.434956
1234.323912	 135.502247
1235.996193	 135.569436
1237.672103	 135.636523
1239.351651	 135.703508
1241.034847	 135.770392
1242.721700	 135.837175
1244.412221	 135.903858
1246.106419	 135.970442
1247.804303	 136.036926
1249.505884	 136.103312
1251.211171	 136.169600
1252.920175	 136.235789
1254.632904	 136.301881
1256.349370	 136.367876
1258.069582	 136.433775
1259.793550	 136.499577
1261.521284	 136.565283
1263.252794	 136.630894
1264.988090	 136.696410
1266.727183	 136.761831
1268.470082	 136.827158
1270.216797	 136.892391
1271.967339	 136.957530
1273.721718	 137.022577
1275.479944	 137.087530
1277.242028	 137.152390
1279.007979	 137.217159
1280.777808	 137.281835
1282.551526	 137.346420
1284.329142	 137.410913
1286.110667	 137.475316
1287.896113	 137.539627
1289.685488	 137.603849
1291.478804	 137.667980
1293.276070	 137.732021
1295.077299	 137.795973
1296.882500	 137.859836
1298.691683	 137.923609
1300.504860	 137.987294
1302.322041	 138.050891
1304.143237	 138.114399
1305.968458	 138.177819
1307.797716	 138.241151
1309.631021	 138.304396
1311.468383	 138.367554
1313.309814	 138.430625
1315.155325	 138.493609
1317.004927	 138.556506
1318.858629	 138.619318
1320.716444	 138.682043
1322.578383	 138.744682
1324.444455	 138.807235
1326.314673	 138.869703
1328.189048	 138.932086
1330.067590	 138.994384
1331.950311	 139.056597
1333.837221	 139.118725
1335.728333	 139.180769
1337.623657	 139.242728
1339.523204	 139.304604
1341.426986	 139.366395
1343.335014	 139.428103
1345.247299	 139.489727
1347.163853	 139.551268
1349.084687	 139.612726
1351.009813	 139.674100
1352.939242	 139.735392
1354.872985	 139.796601
1356.811054	 139.857728
1358.753461	 139.918772
1360.700217	 139.979734
1362.651333	 140.040614
1364.606822	 140.101412
1366.566695	 140.162128
1368.530963	 140.222763
1370.499639	 140.283316
1372.472734	 140.343788
1374.450260	 140.404178
1376.432229	 140.464488
1378.418652	 140.524717
1380.409542	 140.584865
1382.404910	 140.644932
1384.404768	 140.704919
1386.409128	 140.764825
1388.418003	 140.824651
1390.431404	 140.884397
1392.449343	 140.944063
1394.471833	 141.003650
1396.498885	 141.063156
1398.530511	 141.122583
1400.566725	 141.181930
1402.607538	 141.241198
1404.652961	 141.300386
1406.703009	 141.359496
1408.757692	 141.418526
1410.817023	 141.477478
1412.881015	 141.536350
1414.949680	 141.595144
1417.023030	 141.653859
1419.101078	 141.712496
1421.183836	 141.771054
1423.271317	 141.829534
1425.363533	 141.887936
1427.460497	 141.946260
1429.562222	 142.004506
1431.668720	 142.062673
1433.780004	 142.120763
1435.896086	 142.178776
1438.016980	 142.236710
1440.142698	 142.294568
1442.273253	 142.352347
1444.408657	 142.410050
1446.548925	 142.467675
1448.694067	 142.525223
1450.844098	 142.582694
1452.999031	 142.640087
1455.158878	 142.697404
1457.323653	 142.754645
1459.493368	 142.811808
1461.668036	 142.868895
1463.847672	 142.925905
1466.032287	 142.982839
1468.221896	 143.039697
1470.416510	 143.096478
1472.616145	 143.153183
1474.820812	 143.209811
1477.030526	 143.266364
1479.245299	 143.322841
1481.465145	 143.379242
1483.690078	 143.435567
1485.920111	 143.491816
1488.155257	 143.547990
1490.395530	 143.604088
1492.640943	 143.660110
1494.891511	 143.716057
1497.147246	 143.771929
1499.408163	 143.827725
1501.674275	 143.883446
1503.945596	 143.939092
1506.222139	 143.994663
1508.503919	 144.050159
1510.790949	 144.105579
1513.083243	 144.160925
1515.380816	 144.216197
1517.683680	 144.271393
1519.991850	 144.326515
1522.305340	 144.381562
1524.624165	 144.436534
1526.948337	 144.491433
1529.277872	 144.546256
1531.612783	 144.601006
1533.953085	 144.655681
1536.298791	 144.710282
1538.649917	 144.764809
1541.006476	 144.819261
1543.368483	 144.873640
1545.735951	 144.927945
1548.108897	 144.982176
1550.487333	 145.036333
1552.871274	 145.090416
1555.260736	 145.144425
1557.655732	 145.198361
1560.056277	 145.252224
1562.462385	 145.306012
1564.874072	 145.359728
1567.291352	 145.413370
1569.714240	 145.466938
1572.142750	 145.520434
1574.576897	 145.573856
1577.016697	 145.627205
1579.462164	 145.680481
1581.913312	 145.733684
1584.370158	 145.786814
1586.832715	 145.839870
1589.301000	 145.892855
1591.775026	 145.945766
1594.254809	 145.998604
1596.740365	 146.051370
1599.231708	 146.104063
1601.728854	 146.156684
1604.231817	 146.209232
1606.740614	 146.261708
1609.255259	 146.314111
1611.775768	 146.366442
1614.302156	 146.418700
1616.834439	 146.470887
1619.372632	 146.523001
1621.916751	 146.575043
1624.466811	 146.627013
1627.022828	 146.678910
1629.584817	 146.730736
1632.152795	 146.782490
1634.726776	 146.834172
1637.306777	 146.885783
1639.892813	 146.937321
1642.484901	 146.988788
1645.083056	 147.040183
1647.687294	 147.091507
1650.297631	 147.142759
1652.914083	 147.193939
1655.536666	 147.245048
1658.165396	 147.296086
1660.800289	 147.347052
1663.441361	 147.397948
1666.088630	 147.448771
1668.742109	 147.499524
1671.401817	 147.550206
1674.067769	 147.600816
1676.739982	 147.651355
1679.418472	 147.701824
1682.103256	 147.752221
1684.794350	 147.802548
1687.491770	 147.852804
1690.195533	 147.902989
1692.905656	 147.953103
1695.622155	 148.003147
1698.345047	 148.053120
1701.074349	 148.103022
1703.810077	 148.152854
1706.552249	 148.202615
1709.300880	 148.252306
1712.055989	 148.301927
1714.817592	 148.351477
1717.585706	 148.400957
1720.360347	 148.450367
1723.141534	 148.499707
1725.929283	 148.548976
1728.723610	 148.598176
1731.524535	 148.647305
1734.332073	 148.696365
1737.146242	 148.745354
1739.967059	 148.794274
1742.794542	 148.843123
1745.628708	 148.891903
1748.469574	 148.940614
1751.317158	 148.989254
1754.171478	 149.037825
1757.032551	 149.086327
1759.900394	 149.134758
1762.775026	 149.183121
1765.656464	 149.231414
1768.544725	 149.279637
1771.439828	 149.327791
1774.341791	 149.375876
1777.250630	 149.423891
1780.166365	 149.471838
1783.089014	 149.519715
1786.018593	 149.567523
1788.955122	 149.615262
1791.898618	 149.662932
1794.849099	 149.710533
1797.806585	 149.758065
1800.771092	 149.805529
1803.742640	 149.852923
1806.721246	 149.900249
1809.706929	 149.947506
1812.699707	 149.994694
1815.699600	 150.041814
1818.706624	 150.088865
1821.720800	 150.135847
1824.742145	 150.182761
1827.770679	 150.229607
1830.806419	 150.276384
1833.849385	 150.323093
1836.899596	 150.369733
1839.957069	 150.416306
1843.021825	 150.462810
1846.093882	 150.509246
1849.173259	 150.555613
1852.259976	 150.601913
1855.354050	 150.648145
1858.455502	 150.694309
1861.564350	 150.740404
1864.680614	 150.786432
1867.804313	 150.832393
1870.935466	 150.878285
1874.074093	 150.924110
1877.220213	 150.969867
1880.373846	 151.015556
1883.535010	 151.061178
1886.703726	 151.106732
1889.880014	 151.152218
1893.063892	 151.197638
1896.255381	 151.242989
1899.454500	 151.288274
1902.661269	 151.333491
1905.875708	 151.378641
1909.097837	 151.423724
1912.327676	 151.468739
1915.565244	 151.513688
1918.810563	 151.558569
1922.063651	 151.603383
1925.324530	 151.648131
1928.593219	 151.692811
1931.869738	 151.737425
1935.154108	 151.781971
1938.446350	 151.826451
1941.746483	 151.870864
1945.054528	 151.915211
1948.370506	 151.959491
1951.694436	 152.003704
1955.026341	 152.047850
1958.366240	 152.091931
1961.714154	 152.135944
1965.070104	 152.179892
1968.434110	 152.223773
1971.806194	 152.267587
1975.186376	 152.311336
1978.574678	 152.355018
1981.971120	 152.398634
1985.375724	 152.442184
1988.788510	 152.485667
1992.209500	 152.529085
1995.638715	 152.572437
1999.076177	 152.615723
2002.521906	 152.658943
2005.975923	 152.702097
2009.438252	 152.745185
2012.908912	 152.788208
2016.387926	 152.831164
2019.875315	 152.874056
2023.371101	 152.916881
2026.875305	 152.959641
2030.387949	 153.002336
2033.909055	 153.044965
2037.438646	 153.087529
2040.976742	 153.130027
2044.523366	 153.172460
2048.078539	 153.214828
2051.642285	 153.257131
2055.214625	 153.299368
2058.795581	 153.341541
2062.385175	 153.383648
2065.983431	 153.425690
2069.590369	 153.467667
2073.206013	 153.509580
2076.830386	 153.551427
2080.463509	 153.593210
2084.105405	 153.634928
2087.756097	 153.676581
2091.415608	 153.718169
2095.083959	 153.759693
2098.761176	 153.801152
2102.447279	 153.842547
2106.142292	 153.883877
2109.846238	 153.925143
2113.559140	 153.966345
2117.281021	 154.007482
2121.011904	 154.048554
2124.751813	 154.089563
2128.500770	 154.130507
2132.258800	 154.171388
2136.025925	 154.212204
2139.802169	 154.252956
2143.587555	 154.293644
2147.382107	 154.334268
2151.185849	 154.374828
2154.998804	 154.415325
2158.820996	 154.455757
2162.652449	 154.496126
2166.493186	 154.536432
2170.343232	 154.576673
2174.202611	 154.616851
2178.071346	 154.656966
2181.949462	 154.697017
2185.836983	 154.737004
2189.733933	 154.776928
2193.640336	 154.816789
2197.556217	 154.856586
2201.481600	 154.896321
2205.416510	 154.935992
2209.360970	 154.975600
2213.315006	 155.015144
2217.278643	 155.054626
2221.251904	 155.094045
2225.234816	 155.133401
2229.227402	 155.172694
2233.229687	 155.211924
2237.241697	 155.251091
2241.263456	 155.290196
2245.294990	 155.329238
2249.336323	 155.368217
2253.387481	 155.407134
2257.448490	 155.445988
2261.519374	 155.484779
2265.600158	 155.523509
2269.690869	 155.562175
2273.791532	 155.600780
2277.902172	 155.639322
2282.022815	 155.677802
2286.153487	 155.716220
2290.294213	 155.754576
2294.445020	 155.792870
2298.605933	 155.831101
2302.776978	 155.869271
2306.958181	 155.907379
2311.149569	 155.945425
2315.351167	 155.983409
2319.563002	 156.021331
2323.785100	 156.059192
2328.017487	 156.096991
2332.260190	 156.134728
2336.513235	 156.172404
2340.776649	 156.210018
2345.050458	 156.247571
2349.334690	 156.285063
2353.629370	 156.322493
2357.934526	 156.359862
2362.250185	 156.397170
2366.576373	 156.434416
2370.913118	 156.471602
2375.260446	 156.508726
2379.618385	 156.545789
2383.986962	 156.582791
2388.366204	 156.619733
2392.756139	 156.656613
2397.156794	 156.693433
2401.568196	 156.730192
2405.990374	 156.766890
2410.423354	 156.803528
2414.867164	 156.840105
2419.321833	 156.876621
2423.787388	 156.913077
2428.263857	 156.949473
2432.751268	 156.985808
2437.249649	 157.022083
2441.759027	 157.058298
2446.279432	 157.094452
2450.810892	 157.130546
2455.353434	 157.166580
2459.907088	 157.202554
2464.471881	 157.238468
2469.047843	 157.274323
2473.635001	 157.310117
2478.233385	 157.345851
2482.843023	 157.381526
2487.463945	 157.417141
2492.096178	 157.452696
2496.739752	 157.488191
2501.394697	 157.523627
2506.061040	 157.559004
2510.738812	 157.594321
2515.428041	 157.629579
2520.128757	 157.664777
2524.840989	 157.699916
2529.564768	 157.734996
2534.300121	 157.770016
2539.047079	 157.804978
2543.805673	 157.839880
2548.575930	 157.874724
2553.357882	 157.909508
2558.151557	 157.944234
2562.956987	 157.978900
2567.774202	 158.013508
2572.603230	 158.048057
2577.444104	 158.082548
2582.296852	 158.116980
2587.161505	 158.151353
2592.038094	 158.185668
2596.926649	 158.219924
2601.827201	 158.254122
2606.739781	 158.288262
2611.664419	 158.322343
2616.601145	 158.356366
2621.549992	 158.390331
2626.510990	 158.424238
2631.484170	 158.458087
2636.469563	 158.491877
2641.467200	 158.525610
2646.477113	 158.559285
2651.499333	 158.592902
2656.533891	 158.626462
2661.580819	 158.659963
2666.640149	 158.693407
2671.711912	 158.726794
2676.796140	 158.760122
2681.892866	 158.793394
2687.002119	 158.826608
2692.123934	 158.859764
2697.258341	 158.892863
2702.405374	 158.925905
2707.565064	 158.958890
2712.737443	 158.991817
2717.922544	 159.024688
2723.120400	 159.057501
2728.331043	 159.090258
2733.554505	 159.122958
2738.790820	 159.155600
2744.040020	 159.188186
2749.302138	 159.220715
2754.577207	 159.253188
2759.865261	 159.285604
2765.166331	 159.317963
2770.480452	 159.350266
2775.807657	 159.382512
2781.147979	 159.414702
2786.501451	 159.446836
2791.868108	 159.478913
2797.247982	 159.510934
2802.641108	 159.542899
2808.047519	 159.574808
2813.467249	 159.606661
2818.900333	 159.638458
2824.346803	 159.670199
2829.806695	 159.701884
2835.280043	 159.733514
2840.766881	 159.765087
2846.267242	 159.796605
2851.781163	 159.828067
2857.308677	 159.859474
2862.849818	 159.890825
2868.404623	 159.922121
2873.973125	 159.953361
2879.555359	 159.984546
2885.151361	 160.015676
2890.761166	 160.046751
2896.384808	 160.077770
2902.022323	 160.108734
2907.673747	 160.139644
2913.339114	 160.170498
2919.018460	 160.201297
2924.711822	 160.232042
2930.419234	 160.262732
2936.140732	 160.293367
2941.876353	 160.323947
2947.626132	 160.354473
2953.390105	 160.384944
2959.168309	 160.415361
2964.960780	 160.445723
2970.767553	 160.476031
2976.588666	 160.506285
2982.424155	 160.536484
2988.274057	 160.566629
2994.138408	 160.596720
3000.017245	 160.626757
3005.910605	 160.656740
3011.818525	 160.686669
3017.741041	 160.716544
3023.678192	 160.746366
3029.630015	 160.776133
3035.596546	 160.805847
3041.577823	 160.835507
3047.573884	 160.865114
3053.584767	 160.894667
3059.610508	 160.924167
3065.651146	 160.953613
3071.706719	 160.983006
3077.777265	 161.012345
3083.862821	 161.041632
3089.963427	 161.070865
3096.079120	 161.100045
3102.209938	 161.129172
3108.355921	 161.158246
3114.517107	 161.187268
3120.693534	 161.216236
3126.885241	 161.245152
3133.092267	 161.274015
3139.314651	 161.302825
3145.552432	 161.331582
3151.805650	 161.360288
3158.074343	 161.388940
3164.358550	 161.417540
3170.658312	 161.446088
3176.973668	 161.474584
3183.304657	 161.503027
3189.651320	 161.531418
3196.013695	 161.559757
3202.391823	 161.588044
3208.785745	 161.616279
3215.195499	 161.644462
3221.621127	 161.672594
3228.062669	 161.700673
3234.520165	 161.728701
3240.993655	 161.756677
3247.483181	 161.784601
3253.988783	 161.812474
3260.510502	 161.840296
3267.048379	 161.868066
3273.602455	 161.895784
3280.172770	 161.923451
3286.759368	 161.951068
3293.362288	 161.978632
3299.981572	 162.006146
3306.617262	 162.033609
3313.269399	 162.061021
3319.938026	 162.088382
3326.623184	 162.115692
3333.324914	 162.142951
3340.043260	 162.170159
3346.778263	 162.197317
3353.529966	 162.224424
3360.298411	 162.251481
3367.083641	 162.278487
3373.885697	 162.305443
3380.704624	 162.332348
3387.540463	 162.359203
3394.393258	 162.386008
3401.263052	 162.412763
3408.149887	 162.439467
3415.053808	 162.466122
3421.974857	 162.492726
