0.000000	 0.100000	 0.100000
0.010000	 0.099995	 0.099995
0.020000	 0.099980	 0.099980
0.030000	 0.099955	 0.099955
0.040000	 0.099920	 0.099920
0.050000	 0.099875	 0.099875
0.060000	 0.099820	 0.099820
0.070000	 0.099755	 0.099756
0.080000	 0.099680	 0.099681
0.090000	 0.099595	 0.099596
0.100000	 0.099500	 0.099501
0.110000	 0.099396	 0.099397
0.120000	 0.099281	 0.099282
0.130000	 0.099156	 0.099158
0.140000	 0.099022	 0.099023
0.150000	 0.098877	 0.098879
0.160000	 0.098723	 0.098725
0.170000	 0.098558	 0.098561
0.180000	 0.098384	 0.098387
0.190000	 0.098200	 0.098203
0.200000	 0.098007	 0.098010
0.210000	 0.097803	 0.097807
0.220000	 0.097590	 0.097594
0.230000	 0.097367	 0.097371
0.240000	 0.097134	 0.097138
0.250000	 0.096891	 0.096896
0.260000	 0.096639	 0.096644
0.270000	 0.096377	 0.096383
0.280000	 0.096106	 0.096112
0.290000	 0.095824	 0.095831
0.300000	 0.095534	 0.095541
0.310000	 0.095233	 0.095241
0.320000	 0.094924	 0.094932
0.330000	 0.094604	 0.094613
0.340000	 0.094275	 0.094285
0.350000	 0.093937	 0.093947
0.360000	 0.093590	 0.093600
0.370000	 0.093233	 0.093244
0.380000	 0.092866	 0.092878
0.390000	 0.092491	 0.092503
0.400000	 0.092106	 0.092119
0.410000	 0.091712	 0.091725
0.420000	 0.091309	 0.091323
0.430000	 0.090897	 0.090911
0.440000	 0.090475	 0.090490
0.450000	 0.090045	 0.090060
0.460000	 0.089605	 0.089622
0.470000	 0.089157	 0.089174
0.480000	 0.088699	 0.088717
0.490000	 0.088233	 0.088252
0.500000	 0.087758	 0.087777
0.510000	 0.087274	 0.087294
0.520000	 0.086782	 0.086802
0.530000	 0.086281	 0.086302
0.540000	 0.085771	 0.085793
0.550000	 0.085252	 0.085275
0.560000	 0.084726	 0.084749
0.570000	 0.084190	 0.084214
0.580000	 0.083646	 0.083671
0.590000	 0.083094	 0.083120
0.600000	 0.082534	 0.082560
0.610000	 0.081965	 0.081992
0.620000	 0.081388	 0.081416
0.630000	 0.080803	 0.080831
0.640000	 0.080210	 0.080239
0.650000	 0.079608	 0.079639
0.660000	 0.078999	 0.079030
0.670000	 0.078382	 0.078414
0.680000	 0.077757	 0.077790
0.690000	 0.077125	 0.077158
0.700000	 0.076484	 0.076519
0.710000	 0.075836	 0.075871
0.720000	 0.075181	 0.075217
0.730000	 0.074517	 0.074554
0.740000	 0.073847	 0.073885
0.750000	 0.073169	 0.073207
0.760000	 0.072484	 0.072523
0.770000	 0.071791	 0.071831
0.780000	 0.071091	 0.071133
0.790000	 0.070385	 0.070427
0.800000	 0.069671	 0.069714
0.810000	 0.068950	 0.068994
0.820000	 0.068222	 0.068267
0.830000	 0.067488	 0.067533
0.840000	 0.066746	 0.066793
0.850000	 0.065998	 0.066045
0.860000	 0.065244	 0.065292
0.870000	 0.064483	 0.064532
0.880000	 0.063715	 0.063765
0.890000	 0.062941	 0.062992
0.900000	 0.062161	 0.062212
0.910000	 0.061375	 0.061427
0.920000	 0.060582	 0.060635
0.930000	 0.059783	 0.059837
0.940000	 0.058979	 0.059034
0.950000	 0.058168	 0.058224
0.960000	 0.057352	 0.057409
0.970000	 0.056530	 0.056587
0.980000	 0.055702	 0.055760
0.990000	 0.054869	 0.054928
1.000000	 0.054030	 0.054090
1.010000	 0.053186	 0.053247
1.020000	 0.052337	 0.052398
1.030000	 0.051482	 0.051544
1.040000	 0.050622	 0.050685
1.050000	 0.049757	 0.049821
1.060000	 0.048887	 0.048952
1.070000	 0.048012	 0.048078
1.080000	 0.047133	 0.047199
1.090000	 0.046249	 0.046316
1.100000	 0.045360	 0.045428
1.110000	 0.044466	 0.044535
1.120000	 0.043568	 0.043638
1.130000	 0.042666	 0.042736
1.140000	 0.041759	 0.041831
1.150000	 0.040849	 0.040921
1.160000	 0.039934	 0.040007
1.170000	 0.039015	 0.039088
1.180000	 0.038092	 0.038167
1.190000	 0.037166	 0.037241
1.200000	 0.036236	 0.036311
1.210000	 0.035302	 0.035378
1.220000	 0.034365	 0.034442
1.230000	 0.033424	 0.033501
1.240000	 0.032480	 0.032558
1.250000	 0.031532	 0.031611
1.260000	 0.030582	 0.030661
1.270000	 0.029628	 0.029709
1.280000	 0.028672	 0.028753
1.290000	 0.027712	 0.027794
1.300000	 0.026750	 0.026832
1.310000	 0.025785	 0.025868
1.320000	 0.024818	 0.024901
1.330000	 0.023848	 0.023932
1.340000	 0.022875	 0.022960
1.350000	 0.021901	 0.021986
1.360000	 0.020924	 0.021010
1.370000	 0.019945	 0.020032
1.380000	 0.018964	 0.019051
1.390000	 0.017981	 0.018069
1.400000	 0.016997	 0.017085
1.410000	 0.016010	 0.016100
1.420000	 0.015023	 0.015112
1.430000	 0.014033	 0.014123
1.440000	 0.013042	 0.013133
1.450000	 0.012050	 0.012142
1.460000	 0.011057	 0.011149
1.470000	 0.010063	 0.010155
1.480000	 0.009067	 0.009160
1.490000	 0.008071	 0.008164
1.500000	 0.007074	 0.007167
1.510000	 0.006076	 0.006170
1.520000	 0.005077	 0.005172
1.530000	 0.004079	 0.004174
1.540000	 0.003079	 0.003175
1.550000	 0.002079	 0.002175
1.560000	 0.001080	 0.001176
1.570000	 0.000080	 0.000176
1.580000	 -0.000920	 -0.000823
1.590000	 -0.001920	 -0.001823
1.600000	 -0.002920	 -0.002822
1.610000	 -0.003919	 -0.003821
1.620000	 -0.004918	 -0.004820
1.630000	 -0.005917	 -0.005818
1.640000	 -0.006915	 -0.006815
1.650000	 -0.007912	 -0.007812
1.660000	 -0.008909	 -0.008808
1.670000	 -0.009904	 -0.009804
1.680000	 -0.010899	 -0.010798
1.690000	 -0.011892	 -0.011791
1.700000	 -0.012884	 -0.012783
1.710000	 -0.013875	 -0.013774
1.720000	 -0.014865	 -0.014763
1.730000	 -0.015853	 -0.015751
1.740000	 -0.016840	 -0.016737
1.750000	 -0.017825	 -0.017722
1.760000	 -0.018808	 -0.018705
1.770000	 -0.019789	 -0.019686
1.780000	 -0.020768	 -0.020665
1.790000	 -0.021745	 -0.021642
1.800000	 -0.022720	 -0.022617
1.810000	 -0.023693	 -0.023589
1.820000	 -0.024663	 -0.024559
1.830000	 -0.025631	 -0.025527
1.840000	 -0.026596	 -0.026492
1.850000	 -0.027559	 -0.027455
1.860000	 -0.028519	 -0.028414
1.870000	 -0.029476	 -0.029371
1.880000	 -0.030430	 -0.030325
1.890000	 -0.031381	 -0.031276
1.900000	 -0.032329	 -0.032224
1.910000	 -0.033274	 -0.033169
1.920000	 -0.034215	 -0.034110
1.930000	 -0.035153	 -0.035048
1.940000	 -0.036087	 -0.035982
1.950000	 -0.037018	 -0.036913
1.960000	 -0.037945	 -0.037840
1.970000	 -0.038868	 -0.038763
1.980000	 -0.039788	 -0.039683
1.990000	 -0.040703	 -0.040598
2.000000	 -0.041615	 -0.041510
2.010000	 -0.042522	 -0.042417
2.020000	 -0.043425	 -0.043320
2.030000	 -0.044323	 -0.044219
2.040000	 -0.045218	 -0.045113
2.050000	 -0.046107	 -0.046003
2.060000	 -0.046992	 -0.046888
2.070000	 -0.047873	 -0.047768
2.080000	 -0.048748	 -0.048644
2.090000	 -0.049619	 -0.049515
2.100000	 -0.050485	 -0.050381
2.110000	 -0.051345	 -0.051241
2.120000	 -0.052201	 -0.052097
2.130000	 -0.053051	 -0.052948
2.140000	 -0.053896	 -0.053793
2.150000	 -0.054736	 -0.054633
2.160000	 -0.055570	 -0.055467
2.170000	 -0.056399	 -0.056296
2.180000	 -0.057221	 -0.057119
2.190000	 -0.058039	 -0.057937
2.200000	 -0.058850	 -0.058748
2.210000	 -0.059656	 -0.059554
2.220000	 -0.060455	 -0.060354
2.230000	 -0.061249	 -0.061148
2.240000	 -0.062036	 -0.061936
2.250000	 -0.062817	 -0.062717
2.260000	 -0.063592	 -0.063493
2.270000	 -0.064361	 -0.064262
2.280000	 -0.065123	 -0.065024
2.290000	 -0.065879	 -0.065780
2.300000	 -0.066628	 -0.066530
2.310000	 -0.067370	 -0.067272
2.320000	 -0.068106	 -0.068008
2.330000	 -0.068834	 -0.068738
2.340000	 -0.069556	 -0.069460
2.350000	 -0.070271	 -0.070176
2.360000	 -0.070979	 -0.070884
2.370000	 -0.071680	 -0.071585
2.380000	 -0.072374	 -0.072280
2.390000	 -0.073060	 -0.072967
2.400000	 -0.073739	 -0.073646
2.410000	 -0.074411	 -0.074319
2.420000	 -0.075075	 -0.074984
2.430000	 -0.075732	 -0.075641
2.440000	 -0.076382	 -0.076291
2.450000	 -0.077023	 -0.076933
2.460000	 -0.077657	 -0.077568
2.470000	 -0.078283	 -0.078195
2.480000	 -0.078901	 -0.078814
2.490000	 -0.079512	 -0.079425
2.500000	 -0.080114	 -0.080028
2.510000	 -0.080709	 -0.080623
2.520000	 -0.081295	 -0.081210
2.530000	 -0.081873	 -0.081789
2.540000	 -0.082444	 -0.082360
2.550000	 -0.083005	 -0.082923
2.560000	 -0.083559	 -0.083477
2.570000	 -0.084104	 -0.084023
2.580000	 -0.084641	 -0.084561
2.590000	 -0.085169	 -0.085090
2.600000	 -0.085689	 -0.085611
2.610000	 -0.086200	 -0.086123
2.620000	 -0.086703	 -0.086627
2.630000	 -0.087197	 -0.087121
2.640000	 -0.087682	 -0.087608
2.650000	 -0.088158	 -0.088085
2.660000	 -0.088626	 -0.088554
2.670000	 -0.089085	 -0.089014
2.680000	 -0.089534	 -0.089464
2.690000	 -0.089975	 -0.089906
2.700000	 -0.090407	 -0.090339
2.710000	 -0.090830	 -0.090763
2.720000	 -0.091244	 -0.091178
2.730000	 -0.091648	 -0.091584
2.740000	 -0.092044	 -0.091981
2.750000	 -0.092430	 -0.092368
2.760000	 -0.092807	 -0.092746
2.770000	 -0.093175	 -0.093115
2.780000	 -0.093533	 -0.093475
2.790000	 -0.093883	 -0.093826
2.800000	 -0.094222	 -0.094166
2.810000	 -0.094553	 -0.094498
2.820000	 -0.094873	 -0.094820
2.830000	 -0.095185	 -0.095133
2.840000	 -0.095486	 -0.095436
2.850000	 -0.095779	 -0.095730
2.860000	 -0.096061	 -0.096014
2.870000	 -0.096334	 -0.096288
2.880000	 -0.096598	 -0.096553
2.890000	 -0.096852	 -0.096808
2.900000	 -0.097096	 -0.097054
2.910000	 -0.097330	 -0.097290
2.920000	 -0.097555	 -0.097516
2.930000	 -0.097770	 -0.097733
2.940000	 -0.097975	 -0.097939
2.950000	 -0.098170	 -0.098136
2.960000	 -0.098356	 -0.098323
2.970000	 -0.098531	 -0.098501
2.980000	 -0.098697	 -0.098668
2.990000	 -0.098853	 -0.098826
3.000000	 -0.098999	 -0.098973
3.010000	 -0.099135	 -0.099111
3.020000	 -0.099262	 -0.099239
3.030000	 -0.099378	 -0.099357
3.040000	 -0.099484	 -0.099465
3.050000	 -0.099581	 -0.099564
3.060000	 -0.099667	 -0.099652
3.070000	 -0.099744	 -0.099730
3.080000	 -0.099810	 -0.099799
3.090000	 -0.099867	 -0.099857
3.100000	 -0.099914	 -0.099905
3.110000	 -0.099950	 -0.099944
3.120000	 -0.099977	 -0.099972
3.130000	 -0.099993	 -0.099991
3.140000	 -0.100000	 -0.099999
3.150000	 -0.099996	 -0.099998
3.160000	 -0.099983	 -0.099986
3.170000	 -0.099960	 -0.099965
3.180000	 -0.099926	 -0.099934
3.190000	 -0.099883	 -0.099892
3.200000	 -0.099829	 -0.099841
3.210000	 -0.099766	 -0.099780
3.220000	 -0.099693	 -0.099708
3.230000	 -0.099609	 -0.099627
3.240000	 -0.099516	 -0.099536
3.250000	 -0.099413	 -0.099435
3.260000	 -0.099300	 -0.099324
3.270000	 -0.099177	 -0.099203
3.280000	 -0.099044	 -0.099072
3.290000	 -0.098901	 -0.098931
3.300000	 -0.098748	 -0.098780
3.310000	 -0.098585	 -0.098620
3.320000	 -0.098413	 -0.098450
3.330000	 -0.098230	 -0.098269
3.340000	 -0.098038	 -0.098079
3.350000	 -0.097836	 -0.097880
3.360000	 -0.097624	 -0.097670
3.370000	 -0.097403	 -0.097451
3.380000	 -0.097172	 -0.097222
3.390000	 -0.096931	 -0.096983
3.400000	 -0.096680	 -0.096734
3.410000	 -0.096419	 -0.096476
3.420000	 -0.096149	 -0.096209
3.430000	 -0.095870	 -0.095931
3.440000	 -0.095581	 -0.095644
3.450000	 -0.095282	 -0.095348
3.460000	 -0.094974	 -0.095042
3.470000	 -0.094656	 -0.094727
3.480000	 -0.094328	 -0.094402
3.490000	 -0.093992	 -0.094067
3.500000	 -0.093646	 -0.093724
3.510000	 -0.093290	 -0.093370
3.520000	 -0.092925	 -0.093008
3.530000	 -0.092551	 -0.092636
3.540000	 -0.092168	 -0.092255
3.550000	 -0.091775	 -0.091865
3.560000	 -0.091374	 -0.091466
3.570000	 -0.090963	 -0.091057
3.580000	 -0.090543	 -0.090640
3.590000	 -0.090114	 -0.090213
3.600000	 -0.089676	 -0.089778
3.610000	 -0.089229	 -0.089333
3.620000	 -0.088773	 -0.088879
3.630000	 -0.088308	 -0.088417
3.640000	 -0.087835	 -0.087946
3.650000	 -0.087352	 -0.087466
3.660000	 -0.086861	 -0.086977
3.670000	 -0.086361	 -0.086480
3.680000	 -0.085853	 -0.085973
3.690000	 -0.085336	 -0.085459
3.700000	 -0.084810	 -0.084936
3.710000	 -0.084276	 -0.084404
3.720000	 -0.083733	 -0.083864
3.730000	 -0.083183	 -0.083315
3.740000	 -0.082623	 -0.082759
3.750000	 -0.082056	 -0.082193
3.760000	 -0.081480	 -0.081620
3.770000	 -0.080896	 -0.081039
3.780000	 -0.080305	 -0.080449
3.790000	 -0.079705	 -0.079852
3.800000	 -0.079097	 -0.079246
3.810000	 -0.078481	 -0.078633
3.820000	 -0.077857	 -0.078011
3.830000	 -0.077226	 -0.077382
3.840000	 -0.076587	 -0.076745
3.850000	 -0.075940	 -0.076101
3.860000	 -0.075285	 -0.075449
3.870000	 -0.074624	 -0.074789
3.880000	 -0.073954	 -0.074122
3.890000	 -0.073277	 -0.073447
3.900000	 -0.072593	 -0.072766
3.910000	 -0.071902	 -0.072076
3.920000	 -0.071203	 -0.071380
3.930000	 -0.070498	 -0.070677
3.940000	 -0.069785	 -0.069966
3.950000	 -0.069065	 -0.069249
3.960000	 -0.068338	 -0.068524
3.970000	 -0.067605	 -0.067793
3.980000	 -0.066865	 -0.067055
3.990000	 -0.066118	 -0.066310
4.000000	 -0.065364	 -0.065559
4.010000	 -0.064604	 -0.064801
4.020000	 -0.063838	 -0.064036
4.030000	 -0.063065	 -0.063265
4.040000	 -0.062286	 -0.062488
4.050000	 -0.061500	 -0.061705
4.060000	 -0.060709	 -0.060915
4.070000	 -0.059911	 -0.060120
4.080000	 -0.059107	 -0.059318
4.090000	 -0.058298	 -0.058511
4.100000	 -0.057482	 -0.057697
4.110000	 -0.056661	 -0.056878
4.120000	 -0.055834	 -0.056053
4.130000	 -0.055002	 -0.055223
4.140000	 -0.054164	 -0.054387
4.150000	 -0.053321	 -0.053545
4.160000	 -0.052472	 -0.052698
4.170000	 -0.051618	 -0.051846
4.180000	 -0.050759	 -0.050989
4.190000	 -0.049895	 -0.050127
4.200000	 -0.049026	 -0.049259
4.210000	 -0.048152	 -0.048387
4.220000	 -0.047273	 -0.047510
4.230000	 -0.046390	 -0.046628
4.240000	 -0.045501	 -0.045742
4.250000	 -0.044609	 -0.044851
4.260000	 -0.043712	 -0.043955
4.270000	 -0.042810	 -0.043055
4.280000	 -0.041904	 -0.042151
4.290000	 -0.040994	 -0.041242
4.300000	 -0.040080	 -0.040330
4.310000	 -0.039162	 -0.039413
4.320000	 -0.038240	 -0.038493
4.330000	 -0.037314	 -0.037568
4.340000	 -0.036384	 -0.036640
4.350000	 -0.035451	 -0.035708
4.360000	 -0.034514	 -0.034773
4.370000	 -0.033574	 -0.033834
4.380000	 -0.032630	 -0.032892
4.390000	 -0.031683	 -0.031946
4.400000	 -0.030733	 -0.030997
4.410000	 -0.029780	 -0.030045
4.420000	 -0.028824	 -0.029091
4.430000	 -0.027865	 -0.028133
4.440000	 -0.026903	 -0.027172
4.450000	 -0.025939	 -0.026209
4.460000	 -0.024972	 -0.025243
4.470000	 -0.024002	 -0.024275
4.480000	 -0.023030	 -0.023304
4.490000	 -0.022056	 -0.022330
4.500000	 -0.021080	 -0.021355
4.510000	 -0.020101	 -0.020377
4.520000	 -0.019120	 -0.019398
4.530000	 -0.018138	 -0.018416
4.540000	 -0.017154	 -0.017433
4.550000	 -0.016168	 -0.016448
4.560000	 -0.015180	 -0.015461
4.570000	 -0.014191	 -0.014473
4.580000	 -0.013200	 -0.013483
4.590000	 -0.012208	 -0.012492
4.600000	 -0.011215	 -0.011499
4.610000	 -0.010221	 -0.010506
4.620000	 -0.009226	 -0.009511
4.630000	 -0.008230	 -0.008516
4.640000	 -0.007233	 -0.007519
4.650000	 -0.006235	 -0.006522
4.660000	 -0.005237	 -0.005525
4.670000	 -0.004238	 -0.004526
4.680000	 -0.003238	 -0.003527
4.690000	 -0.002239	 -0.002528
4.700000	 -0.001239	 -0.001529
4.710000	 -0.000239	 -0.000529
4.720000	 0.000761	 0.000470
4.730000	 0.001761	 0.001470
4.740000	 0.002761	 0.002469
4.750000	 0.003760	 0.003468
4.760000	 0.004759	 0.004467
4.770000	 0.005758	 0.005465
4.780000	 0.006756	 0.006463
4.790000	 0.007753	 0.007460
4.800000	 0.008750	 0.008457
4.810000	 0.009746	 0.009452
4.820000	 0.010740	 0.010447
4.830000	 0.011734	 0.011441
4.840000	 0.012726	 0.012433
4.850000	 0.013718	 0.013424
4.860000	 0.014708	 0.014414
4.870000	 0.015696	 0.015402
4.880000	 0.016683	 0.016389
4.890000	 0.017668	 0.017375
4.900000	 0.018651	 0.018358
4.910000	 0.019633	 0.019340
4.920000	 0.020612	 0.020319
4.930000	 0.021590	 0.021297
4.940000	 0.022565	 0.022273
4.950000	 0.023538	 0.023246
4.960000	 0.024509	 0.024217
4.970000	 0.025477	 0.025186
4.980000	 0.026443	 0.026152
4.990000	 0.027406	 0.027115
5.000000	 0.028366	 0.028076
5.010000	 0.029324	 0.029034
5.020000	 0.030278	 0.029989
5.030000	 0.031230	 0.030941
5.040000	 0.032178	 0.031890
5.050000	 0.033123	 0.032836
5.060000	 0.034065	 0.033778
5.070000	 0.035004	 0.034717
5.080000	 0.035939	 0.035653
5.090000	 0.036870	 0.036585
5.100000	 0.037798	 0.037513
5.110000	 0.038722	 0.038438
5.120000	 0.039642	 0.039359
5.130000	 0.040558	 0.040275
5.140000	 0.041470	 0.041188
5.150000	 0.042378	 0.042097
5.160000	 0.043281	 0.043002
5.170000	 0.044181	 0.043902
5.180000	 0.045076	 0.044798
5.190000	 0.045966	 0.045689
5.200000	 0.046852	 0.046576
5.210000	 0.047733	 0.047458
5.220000	 0.048609	 0.048335
5.230000	 0.049481	 0.049208
5.240000	 0.050347	 0.050075
5.250000	 0.051209	 0.050938
5.260000	 0.052065	 0.051796
5.270000	 0.052916	 0.052648
5.280000	 0.053762	 0.053495
5.290000	 0.054602	 0.054337
5.300000	 0.055437	 0.055173
5.310000	 0.056267	 0.056004
5.320000	 0.057091	 0.056829
5.330000	 0.057909	 0.057649
5.340000	 0.058721	 0.058462
5.350000	 0.059528	 0.059270
5.360000	 0.060328	 0.060072
5.370000	 0.061123	 0.060868
5.380000	 0.061911	 0.061658
5.390000	 0.062693	 0.062442
5.400000	 0.063469	 0.063220
5.410000	 0.064239	 0.063991
5.420000	 0.065002	 0.064756
5.430000	 0.065759	 0.065514
5.440000	 0.066509	 0.066266
5.450000	 0.067252	 0.067011
5.460000	 0.067989	 0.067749
5.470000	 0.068719	 0.068481
5.480000	 0.069442	 0.069206
5.490000	 0.070158	 0.069924
5.500000	 0.070867	 0.070635
5.510000	 0.071569	 0.071339
5.520000	 0.072264	 0.072035
5.530000	 0.072951	 0.072725
5.540000	 0.073632	 0.073407
5.550000	 0.074305	 0.074082
5.560000	 0.074970	 0.074750
5.570000	 0.075628	 0.075410
5.580000	 0.076279	 0.076062
5.590000	 0.076921	 0.076707
5.600000	 0.077557	 0.077345
5.610000	 0.078184	 0.077974
5.620000	 0.078804	 0.078596
5.630000	 0.079415	 0.079210
5.640000	 0.080019	 0.079816
5.650000	 0.080615	 0.080414
5.660000	 0.081202	 0.081004
5.670000	 0.081782	 0.081586
5.680000	 0.082353	 0.082160
5.690000	 0.082916	 0.082725
5.700000	 0.083471	 0.083283
5.710000	 0.084018	 0.083832
5.720000	 0.084556	 0.084372
5.730000	 0.085086	 0.084904
5.740000	 0.085607	 0.085428
5.750000	 0.086119	 0.085943
5.760000	 0.086623	 0.086450
5.770000	 0.087119	 0.086948
5.780000	 0.087605	 0.087437
5.790000	 0.088083	 0.087918
5.800000	 0.088552	 0.088389
5.810000	 0.089012	 0.088852
5.820000	 0.089463	 0.089306
5.830000	 0.089906	 0.089751
5.840000	 0.090339	 0.090188
5.850000	 0.090763	 0.090615
5.860000	 0.091179	 0.091033
5.870000	 0.091585	 0.091442
5.880000	 0.091982	 0.091842
5.890000	 0.092369	 0.092232
5.900000	 0.092748	 0.092614
5.910000	 0.093117	 0.092986
5.920000	 0.093477	 0.093349
5.930000	 0.093828	 0.093703
5.940000	 0.094169	 0.094047
5.950000	 0.094501	 0.094382
5.960000	 0.094823	 0.094708
5.970000	 0.095136	 0.095024
5.980000	 0.095439	 0.095330
5.990000	 0.095733	 0.095627
6.000000	 0.096017	 0.095915
6.010000	 0.096292	 0.096193
6.020000	 0.096557	 0.096461
6.030000	 0.096812	 0.096719
6.040000	 0.097058	 0.096968
6.050000	 0.097294	 0.097208
6.060000	 0.097520	 0.097437
6.070000	 0.097736	 0.097657
6.080000	 0.097943	 0.097867
6.090000	 0.098140	 0.098068
6.100000	 0.098327	 0.098258
6.110000	 0.098504	 0.098439
6.120000	 0.098671	 0.098610
6.130000	 0.098829	 0.098771
6.140000	 0.098977	 0.098922
6.150000	 0.099114	 0.099064
6.160000	 0.099242	 0.099195
6.170000	 0.099360	 0.099317
6.180000	 0.099468	 0.099428
6.190000	 0.099566	 0.099530
6.200000	 0.099654	 0.099622
6.210000	 0.099732	 0.099704
6.220000	 0.099800	 0.099776
6.230000	 0.099859	 0.099838
6.240000	 0.099907	 0.099889
6.250000	 0.099945	 0.099931
6.260000	 0.099973	 0.099963
6.270000	 0.099991	 0.099985
6.280000	 0.099999	 0.099998
6.290000	 0.099998	 0.100000
6.300000	 0.099986	 0.099992
6.310000	 0.099964	 0.099974
6.320000	 0.099932	 0.099946
6.330000	 0.099890	 0.099908
6.340000	 0.099839	 0.099860
6.350000	 0.099777	 0.099802
6.360000	 0.099705	 0.099735
6.370000	 0.099623	 0.099657
6.380000	 0.099532	 0.099569
6.390000	 0.099430	 0.099472
6.400000	 0.099318	 0.099364
6.410000	 0.099197	 0.099247
6.420000	 0.099066	 0.099119
6.430000	 0.098924	 0.098982
6.440000	 0.098773	 0.098835
6.450000	 0.098612	 0.098678
6.460000	 0.098441	 0.098511
6.470000	 0.098260	 0.098334
6.480000	 0.098069	 0.098148
6.490000	 0.097869	 0.097951
6.500000	 0.097659	 0.097745
6.510000	 0.097439	 0.097529
6.520000	 0.097209	 0.097304
6.530000	 0.096970	 0.097068
6.540000	 0.096720	 0.096823
6.550000	 0.096462	 0.096569
6.560000	 0.096193	 0.096304
6.570000	 0.095915	 0.096030
6.580000	 0.095627	 0.095747
6.590000	 0.095330	 0.095454
6.600000	 0.095023	 0.095151
6.610000	 0.094707	 0.094839
6.620000	 0.094381	 0.094517
6.630000	 0.094046	 0.094186
6.640000	 0.093701	 0.093846
6.650000	 0.093347	 0.093496
6.660000	 0.092984	 0.093137
6.670000	 0.092612	 0.092769
6.680000	 0.092230	 0.092391
6.690000	 0.091839	 0.092004
6.700000	 0.091438	 0.091608
6.710000	 0.091029	 0.091203
6.720000	 0.090610	 0.090788
6.730000	 0.090183	 0.090365
6.740000	 0.089746	 0.089932
6.750000	 0.089301	 0.089491
6.760000	 0.088846	 0.089041
6.770000	 0.088383	 0.088581
6.780000	 0.087911	 0.088113
6.790000	 0.087430	 0.087636
6.800000	 0.086940	 0.087151
6.810000	 0.086441	 0.086656
6.820000	 0.085934	 0.086153
6.830000	 0.085419	 0.085642
6.840000	 0.084894	 0.085121
6.850000	 0.084362	 0.084593
6.860000	 0.083820	 0.084056
6.870000	 0.083271	 0.083510
6.880000	 0.082713	 0.082956
6.890000	 0.082147	 0.082394
6.900000	 0.081573	 0.081824
6.910000	 0.080990	 0.081245
6.920000	 0.080399	 0.080658
6.930000	 0.079801	 0.080064
6.940000	 0.079194	 0.079461
6.950000	 0.078580	 0.078850
6.960000	 0.077957	 0.078232
6.970000	 0.077327	 0.077605
6.980000	 0.076689	 0.076971
6.990000	 0.076043	 0.076329
7.000000	 0.075390	 0.075680
7.010000	 0.074729	 0.075023
7.020000	 0.074061	 0.074358
7.030000	 0.073386	 0.073686
7.040000	 0.072703	 0.073007
7.050000	 0.072012	 0.072321
7.060000	 0.071315	 0.071627
7.070000	 0.070610	 0.070926
7.080000	 0.069899	 0.070218
7.090000	 0.069180	 0.069503
7.100000	 0.068455	 0.068781
7.110000	 0.067722	 0.068052
7.120000	 0.066983	 0.067316
7.130000	 0.066237	 0.066574
7.140000	 0.065485	 0.065825
7.150000	 0.064726	 0.065069
7.160000	 0.063960	 0.064307
7.170000	 0.063188	 0.063538
7.180000	 0.062410	 0.062763
7.190000	 0.061626	 0.061982
7.200000	 0.060835	 0.061195
7.210000	 0.060038	 0.060401
7.220000	 0.059236	 0.059602
7.230000	 0.058427	 0.058796
7.240000	 0.057613	 0.057985
7.250000	 0.056792	 0.057168
7.260000	 0.055967	 0.056345
7.270000	 0.055135	 0.055516
7.280000	 0.054298	 0.054682
7.290000	 0.053456	 0.053843
7.300000	 0.052608	 0.052998
7.310000	 0.051755	 0.052148
7.320000	 0.050896	 0.051292
7.330000	 0.050033	 0.050432
7.340000	 0.049165	 0.049566
7.350000	 0.048292	 0.048696
7.360000	 0.047414	 0.047820
7.370000	 0.046531	 0.046940
7.380000	 0.045643	 0.046055
7.390000	 0.044751	 0.045166
7.400000	 0.043855	 0.044272
7.410000	 0.042954	 0.043373
7.420000	 0.042049	 0.042471
7.430000	 0.041139	 0.041564
7.440000	 0.040226	 0.040652
7.450000	 0.039308	 0.039737
7.460000	 0.038387	 0.038818
7.470000	 0.037462	 0.037895
7.480000	 0.036532	 0.036968
7.490000	 0.035600	 0.036038
7.500000	 0.034664	 0.035103
7.510000	 0.033724	 0.034166
7.520000	 0.032781	 0.033225
7.530000	 0.031834	 0.032280
7.540000	 0.030885	 0.031333
7.550000	 0.029932	 0.030382
7.560000	 0.028977	 0.029428
7.570000	 0.028018	 0.028471
7.580000	 0.027057	 0.027512
7.590000	 0.026093	 0.026549
7.600000	 0.025126	 0.025584
7.610000	 0.024157	 0.024617
7.620000	 0.023185	 0.023647
7.630000	 0.022211	 0.022674
7.640000	 0.021235	 0.021700
7.650000	 0.020257	 0.020723
7.660000	 0.019277	 0.019744
7.670000	 0.018295	 0.018763
7.680000	 0.017311	 0.017780
7.690000	 0.016325	 0.016796
7.700000	 0.015337	 0.015810
7.710000	 0.014348	 0.014822
7.720000	 0.013358	 0.013833
7.730000	 0.012366	 0.012842
7.740000	 0.011373	 0.011850
7.750000	 0.010379	 0.010857
7.760000	 0.009384	 0.009863
7.770000	 0.008388	 0.008867
7.780000	 0.007391	 0.007871
7.790000	 0.006394	 0.006875
7.800000	 0.005396	 0.005877
7.810000	 0.004397	 0.004879
7.820000	 0.003398	 0.003880
7.830000	 0.002398	 0.002881
7.840000	 0.001398	 0.001882
7.850000	 0.000398	 0.000882
7.860000	 -0.000602	 -0.000117
7.870000	 -0.001602	 -0.001117
7.880000	 -0.002602	 -0.002116
7.890000	 -0.003601	 -0.003115
7.900000	 -0.004600	 -0.004114
7.910000	 -0.005599	 -0.005113
7.920000	 -0.006597	 -0.006111
7.930000	 -0.007595	 -0.007108
7.940000	 -0.008591	 -0.008105
7.950000	 -0.009587	 -0.009101
7.960000	 -0.010582	 -0.010096
7.970000	 -0.011576	 -0.011090
7.980000	 -0.012569	 -0.012083
7.990000	 -0.013560	 -0.013074
8.000000	 -0.014550	 -0.014065
8.010000	 -0.015539	 -0.015054
8.020000	 -0.016526	 -0.016041
8.030000	 -0.017511	 -0.017027
8.040000	 -0.018495	 -0.018011
8.050000	 -0.019477	 -0.018993
8.060000	 -0.020456	 -0.019974
8.070000	 -0.021434	 -0.020952
8.080000	 -0.022410	 -0.021928
8.090000	 -0.023383	 -0.022903
8.100000	 -0.024354	 -0.023874
8.110000	 -0.025323	 -0.024844
8.120000	 -0.026289	 -0.025811
8.130000	 -0.027253	 -0.026775
8.140000	 -0.028213	 -0.027737
8.150000	 -0.029171	 -0.028696
8.160000	 -0.030126	 -0.029652
8.170000	 -0.031078	 -0.030605
8.180000	 -0.032027	 -0.031555
8.190000	 -0.032973	 -0.032502
8.200000	 -0.033915	 -0.033446
8.210000	 -0.034855	 -0.034386
8.220000	 -0.035790	 -0.035323
8.230000	 -0.036722	 -0.036256
8.240000	 -0.037650	 -0.037186
8.250000	 -0.038575	 -0.038112
8.260000	 -0.039495	 -0.039034
8.270000	 -0.040412	 -0.039952
8.280000	 -0.041325	 -0.040866
8.290000	 -0.042233	 -0.041777
8.300000	 -0.043138	 -0.042683
8.310000	 -0.044038	 -0.043584
8.320000	 -0.044933	 -0.044482
8.330000	 -0.045824	 -0.045375
8.340000	 -0.046711	 -0.046263
8.350000	 -0.047593	 -0.047147
8.360000	 -0.048470	 -0.048026
8.370000	 -0.049342	 -0.048900
8.380000	 -0.050209	 -0.049770
8.390000	 -0.051072	 -0.050634
8.400000	 -0.051929	 -0.051493
8.410000	 -0.052781	 -0.052348
8.420000	 -0.053628	 -0.053197
8.430000	 -0.054469	 -0.054040
8.440000	 -0.055305	 -0.054878
8.450000	 -0.056135	 -0.055711
8.460000	 -0.056960	 -0.056538
8.470000	 -0.057779	 -0.057360
8.480000	 -0.058592	 -0.058176
8.490000	 -0.059400	 -0.058986
8.500000	 -0.060201	 -0.059790
8.510000	 -0.060997	 -0.060588
8.520000	 -0.061786	 -0.061380
8.530000	 -0.062569	 -0.062166
8.540000	 -0.063346	 -0.062946
8.550000	 -0.064117	 -0.063719
8.560000	 -0.064881	 -0.064486
8.570000	 -0.065639	 -0.065247
8.580000	 -0.066390	 -0.066001
8.590000	 -0.067134	 -0.066748
8.600000	 -0.067872	 -0.067489
8.610000	 -0.068603	 -0.068223
8.620000	 -0.069327	 -0.068951
8.630000	 -0.070044	 -0.069671
8.640000	 -0.070755	 -0.070384
8.650000	 -0.071458	 -0.071091
8.660000	 -0.072154	 -0.071790
8.670000	 -0.072842	 -0.072482
8.680000	 -0.073524	 -0.073167
8.690000	 -0.074198	 -0.073845
8.700000	 -0.074865	 -0.074515
8.710000	 -0.075524	 -0.075178
8.720000	 -0.076176	 -0.075833
8.730000	 -0.076820	 -0.076480
8.740000	 -0.077456	 -0.077120
8.750000	 -0.078085	 -0.077753
8.760000	 -0.078705	 -0.078377
8.770000	 -0.079318	 -0.078994
8.780000	 -0.079923	 -0.079603
8.790000	 -0.080520	 -0.080204
8.800000	 -0.081109	 -0.080797
8.810000	 -0.081690	 -0.081381
8.820000	 -0.082263	 -0.081958
8.830000	 -0.082827	 -0.082526
8.840000	 -0.083383	 -0.083087
8.850000	 -0.083931	 -0.083639
8.860000	 -0.084471	 -0.084182
8.870000	 -0.085002	 -0.084717
8.880000	 -0.085524	 -0.085244
8.890000	 -0.086038	 -0.085762
8.900000	 -0.086544	 -0.086272
8.910000	 -0.087040	 -0.086773
8.920000	 -0.087528	 -0.087265
8.930000	 -0.088007	 -0.087749
8.940000	 -0.088478	 -0.088224
8.950000	 -0.088939	 -0.088690
8.960000	 -0.089392	 -0.089147
8.970000	 -0.089836	 -0.089595
8.980000	 -0.090271	 -0.090035
8.990000	 -0.090696	 -0.090465
9.000000	 -0.091113	 -0.090886
9.010000	 -0.091521	 -0.091298
9.020000	 -0.091919	 -0.091702
9.030000	 -0.092308	 -0.092096
9.040000	 -0.092688	 -0.092480
9.050000	 -0.093059	 -0.092856
9.060000	 -0.093420	 -0.093222
9.070000	 -0.093772	 -0.093579
9.080000	 -0.094115	 -0.093927
9.090000	 -0.094448	 -0.094265
9.100000	 -0.094772	 -0.094594
9.110000	 -0.095087	 -0.094913
9.120000	 -0.095391	 -0.095223
9.130000	 -0.095687	 -0.095523
9.140000	 -0.095972	 -0.095814
9.150000	 -0.096249	 -0.096095
9.160000	 -0.096515	 -0.096367
9.170000	 -0.096772	 -0.096629
9.180000	 -0.097019	 -0.096882
9.190000	 -0.097257	 -0.097124
9.200000	 -0.097484	 -0.097357
9.210000	 -0.097702	 -0.097581
9.220000	 -0.097911	 -0.097794
9.230000	 -0.098109	 -0.097998
9.240000	 -0.098298	 -0.098192
9.250000	 -0.098477	 -0.098376
9.260000	 -0.098645	 -0.098551
9.270000	 -0.098805	 -0.098715
9.280000	 -0.098954	 -0.098870
9.290000	 -0.099093	 -0.099015
9.300000	 -0.099223	 -0.099150
9.310000	 -0.099342	 -0.099275
9.320000	 -0.099452	 -0.099390
9.330000	 -0.099551	 -0.099495
9.340000	 -0.099641	 -0.099591
9.350000	 -0.099721	 -0.099676
9.360000	 -0.099790	 -0.099751
9.370000	 -0.099850	 -0.099817
9.380000	 -0.099900	 -0.099872
9.390000	 -0.099940	 -0.099918
9.400000	 -0.099969	 -0.099953
9.410000	 -0.099989	 -0.099979
9.420000	 -0.099999	 -0.099994
9.430000	 -0.099999	 -0.100000
9.440000	 -0.099988	 -0.099996
9.450000	 -0.099968	 -0.099981
9.460000	 -0.099938	 -0.099957
9.470000	 -0.099898	 -0.099923
9.480000	 -0.099848	 -0.099878
9.490000	 -0.099787	 -0.099824
9.500000	 -0.099717	 -0.099760
9.510000	 -0.099637	 -0.099685
9.520000	 -0.099547	 -0.099601
9.530000	 -0.099447	 -0.099507
9.540000	 -0.099337	 -0.099403
9.550000	 -0.099217	 -0.099289
9.560000	 -0.099087	 -0.099165
9.570000	 -0.098947	 -0.099031
9.580000	 -0.098798	 -0.098888
9.590000	 -0.098638	 -0.098734
9.600000	 -0.098469	 -0.098571
9.610000	 -0.098290	 -0.098398
9.620000	 -0.098100	 -0.098215
9.630000	 -0.097902	 -0.098022
9.640000	 -0.097693	 -0.097819
9.650000	 -0.097474	 -0.097607
9.660000	 -0.097246	 -0.097384
9.670000	 -0.097008	 -0.097153
9.680000	 -0.096761	 -0.096911
9.690000	 -0.096503	 -0.096660
9.700000	 -0.096236	 -0.096399
9.710000	 -0.095960	 -0.096128
9.720000	 -0.095674	 -0.095848
9.730000	 -0.095378	 -0.095558
9.740000	 -0.095073	 -0.095259
9.750000	 -0.094758	 -0.094950
9.760000	 -0.094434	 -0.094632
9.770000	 -0.094100	 -0.094304
9.780000	 -0.093757	 -0.093967
9.790000	 -0.093404	 -0.093621
9.800000	 -0.093043	 -0.093265
9.810000	 -0.092672	 -0.092900
9.820000	 -0.092291	 -0.092525
9.830000	 -0.091901	 -0.092142
9.840000	 -0.091503	 -0.091749
9.850000	 -0.091095	 -0.091347
9.860000	 -0.090678	 -0.090936
9.870000	 -0.090252	 -0.090515
9.880000	 -0.089816	 -0.090086
9.890000	 -0.089372	 -0.089648
9.900000	 -0.088919	 -0.089201
9.910000	 -0.088457	 -0.088744
9.920000	 -0.087986	 -0.088279
9.930000	 -0.087507	 -0.087806
9.940000	 -0.087018	 -0.087323
9.950000	 -0.086521	 -0.086832
9.960000	 -0.086016	 -0.086332
9.970000	 -0.085501	 -0.085823
9.980000	 -0.084978	 -0.085306
9.990000	 -0.084447	 -0.084780
10.000000	 -0.083907	 -0.084246
10.010000	 -0.083359	 -0.083704
10.020000	 -0.082802	 -0.083153
10.030000	 -0.082238	 -0.082593
10.040000	 -0.081665	 -0.082026
10.050000	 -0.081083	 -0.081450
10.060000	 -0.080494	 -0.080866
10.070000	 -0.079897	 -0.080275
10.080000	 -0.079291	 -0.079675
10.090000	 -0.078678	 -0.079067
10.100000	 -0.078057	 -0.078451
10.110000	 -0.077428	 -0.077827
10.120000	 -0.076791	 -0.077196
10.130000	 -0.076147	 -0.076557
10.140000	 -0.075495	 -0.075910
10.150000	 -0.074835	 -0.075256
10.160000	 -0.074168	 -0.074594
10.170000	 -0.073494	 -0.073925
10.180000	 -0.072812	 -0.073248
10.190000	 -0.072123	 -0.072564
10.200000	 -0.071427	 -0.071873
10.210000	 -0.070723	 -0.071174
10.220000	 -0.070013	 -0.070469
10.230000	 -0.069295	 -0.069756
10.240000	 -0.068571	 -0.069036
10.250000	 -0.067839	 -0.068310
10.260000	 -0.067101	 -0.067577
10.270000	 -0.066357	 -0.066837
10.280000	 -0.065605	 -0.066090
10.290000	 -0.064847	 -0.065337
10.300000	 -0.064083	 -0.064577
10.310000	 -0.063312	 -0.063811
10.320000	 -0.062535	 -0.063038
10.330000	 -0.061751	 -0.062259
10.340000	 -0.060961	 -0.061474
10.350000	 -0.060166	 -0.060682
10.360000	 -0.059364	 -0.059885
10.370000	 -0.058556	 -0.059082
10.380000	 -0.057743	 -0.058272
10.390000	 -0.056923	 -0.057457
10.400000	 -0.056098	 -0.056636
10.410000	 -0.055268	 -0.055810
10.420000	 -0.054432	 -0.054978
10.430000	 -0.053590	 -0.054140
10.440000	 -0.052743	 -0.053297
10.450000	 -0.051891	 -0.052449
10.460000	 -0.051033	 -0.051595
10.470000	 -0.050171	 -0.050736
10.480000	 -0.049303	 -0.049873
10.490000	 -0.048431	 -0.049004
10.500000	 -0.047554	 -0.048130
10.510000	 -0.046672	 -0.047252
10.520000	 -0.045785	 -0.046368
10.530000	 -0.044894	 -0.045480
10.540000	 -0.043998	 -0.044588
10.550000	 -0.043098	 -0.043691
10.560000	 -0.042193	 -0.042790
10.570000	 -0.041284	 -0.041884
10.580000	 -0.040372	 -0.040975
10.590000	 -0.039455	 -0.040061
10.600000	 -0.038534	 -0.039143
10.610000	 -0.037609	 -0.038221
10.620000	 -0.036681	 -0.037296
10.630000	 -0.035749	 -0.036367
10.640000	 -0.034813	 -0.035434
10.650000	 -0.033874	 -0.034497
10.660000	 -0.032931	 -0.033557
10.670000	 -0.031985	 -0.032614
10.680000	 -0.031036	 -0.031668
10.690000	 -0.030084	 -0.030718
10.700000	 -0.029129	 -0.029765
10.710000	 -0.028171	 -0.028809
10.720000	 -0.027210	 -0.027851
10.730000	 -0.026246	 -0.026889
10.740000	 -0.025280	 -0.025925
10.750000	 -0.024311	 -0.024959
10.760000	 -0.023340	 -0.023990
10.770000	 -0.022367	 -0.023018
10.780000	 -0.021391	 -0.022044
10.790000	 -0.020413	 -0.021068
10.800000	 -0.019433	 -0.020090
10.810000	 -0.018451	 -0.019110
10.820000	 -0.017467	 -0.018128
10.830000	 -0.016482	 -0.017144
10.840000	 -0.015495	 -0.016158
10.850000	 -0.014506	 -0.015171
10.860000	 -0.013516	 -0.014182
10.870000	 -0.012524	 -0.013192
10.880000	 -0.011532	 -0.012200
10.890000	 -0.010538	 -0.011208
10.900000	 -0.009543	 -0.010214
10.910000	 -0.008547	 -0.009219
10.920000	 -0.007550	 -0.008223
10.930000	 -0.006553	 -0.007227
10.940000	 -0.005555	 -0.006229
10.950000	 -0.004556	 -0.005231
10.960000	 -0.003557	 -0.004233
10.970000	 -0.002557	 -0.003234
10.980000	 -0.001557	 -0.002235
10.990000	 -0.000557	 -0.001235
11.000000	 0.000443	 -0.000236
11.010000	 0.001443	 0.000764
11.020000	 0.002442	 0.001763
11.030000	 0.003442	 0.002763
11.040000	 0.004441	 0.003762
11.050000	 0.005440	 0.004760
11.060000	 0.006438	 0.005759
11.070000	 0.007436	 0.006756
11.080000	 0.008433	 0.007753
11.090000	 0.009429	 0.008749
11.100000	 0.010424	 0.009745
11.110000	 0.011418	 0.010739
11.120000	 0.012410	 0.011732
11.130000	 0.013402	 0.012724
11.140000	 0.014392	 0.013715
11.150000	 0.015381	 0.014705
11.160000	 0.016369	 0.015692
11.170000	 0.017354	 0.016679
11.180000	 0.018338	 0.017664
11.190000	 0.019320	 0.018647
11.200000	 0.020300	 0.019628
11.210000	 0.021279	 0.020607
11.220000	 0.022255	 0.021584
11.230000	 0.023228	 0.022559
11.240000	 0.024200	 0.023531
11.250000	 0.025169	 0.024502
11.260000	 0.026135	 0.025470
11.270000	 0.027099	 0.026435
11.280000	 0.028061	 0.027398
11.290000	 0.029019	 0.028358
11.300000	 0.029975	 0.029315
11.310000	 0.030927	 0.030269
11.320000	 0.031876	 0.031220
11.330000	 0.032823	 0.032168
11.340000	 0.033766	 0.033113
11.350000	 0.034705	 0.034054
11.360000	 0.035641	 0.034992
11.370000	 0.036574	 0.035927
11.380000	 0.037503	 0.036858
11.390000	 0.038428	 0.037785
11.400000	 0.039349	 0.038709
11.410000	 0.040266	 0.039628
11.420000	 0.041180	 0.040544
11.430000	 0.042089	 0.041456
11.440000	 0.042994	 0.042363
11.450000	 0.043895	 0.043266
11.460000	 0.044791	 0.044165
11.470000	 0.045683	 0.045060
11.480000	 0.046570	 0.045950
11.490000	 0.047453	 0.046835
11.500000	 0.048330	 0.047716
11.510000	 0.049203	 0.048592
11.520000	 0.050072	 0.049463
11.530000	 0.050935	 0.050329
11.540000	 0.051793	 0.051191
11.550000	 0.052646	 0.052047
11.560000	 0.053493	 0.052897
11.570000	 0.054335	 0.053743
11.580000	 0.055172	 0.054583
11.590000	 0.056003	 0.055418
11.600000	 0.056829	 0.056247
11.610000	 0.057649	 0.057071
11.620000	 0.058463	 0.057888
11.630000	 0.059272	 0.058700
11.640000	 0.060074	 0.059507
11.650000	 0.060870	 0.060307
11.660000	 0.061661	 0.061101
11.670000	 0.062445	 0.061889
11.680000	 0.063223	 0.062671
11.690000	 0.063994	 0.063447
11.700000	 0.064760	 0.064216
11.710000	 0.065518	 0.064979
11.720000	 0.066271	 0.065735
11.730000	 0.067016	 0.066485
11.740000	 0.067755	 0.067228
11.750000	 0.068487	 0.067965
11.760000	 0.069212	 0.068695
11.770000	 0.069931	 0.069417
11.780000	 0.070642	 0.070133
11.790000	 0.071346	 0.070842
11.800000	 0.072043	 0.071544
11.810000	 0.072733	 0.072239
11.820000	 0.073416	 0.072926
11.830000	 0.074091	 0.073606
11.840000	 0.074759	 0.074279
11.850000	 0.075419	 0.074944
11.860000	 0.076072	 0.075602
11.870000	 0.076718	 0.076253
11.880000	 0.077355	 0.076895
11.890000	 0.077985	 0.077530
11.900000	 0.078607	 0.078158
11.910000	 0.079221	 0.078777
11.920000	 0.079828	 0.079389
11.930000	 0.080426	 0.079992
11.940000	 0.081016	 0.080588
11.950000	 0.081598	 0.081176
11.960000	 0.082172	 0.081755
11.970000	 0.082738	 0.082327
11.980000	 0.083295	 0.082890
11.990000	 0.083845	 0.083445
12.000000	 0.084385	 0.083991
12.010000	 0.084918	 0.084529
12.020000	 0.085442	 0.085059
12.030000	 0.085957	 0.085580
12.040000	 0.086464	 0.086093
12.050000	 0.086962	 0.086597
12.060000	 0.087451	 0.087092
12.070000	 0.087932	 0.087579
12.080000	 0.088404	 0.088057
12.090000	 0.088867	 0.088526
12.100000	 0.089321	 0.088987
12.110000	 0.089766	 0.089438
12.120000	 0.090202	 0.089880
12.130000	 0.090629	 0.090314
12.140000	 0.091047	 0.090739
12.150000	 0.091456	 0.091154
12.160000	 0.091856	 0.091560
12.170000	 0.092247	 0.091958
12.180000	 0.092628	 0.092346
12.190000	 0.093000	 0.092724
12.200000	 0.093363	 0.093094
12.210000	 0.093717	 0.093454
12.220000	 0.094061	 0.093805
12.230000	 0.094396	 0.094147
12.240000	 0.094721	 0.094479
12.250000	 0.095037	 0.094801
12.260000	 0.095343	 0.095115
12.270000	 0.095640	 0.095418
12.280000	 0.095928	 0.095713
12.290000	 0.096205	 0.095997
12.300000	 0.096473	 0.096272
12.310000	 0.096732	 0.096538
12.320000	 0.096980	 0.096794
12.330000	 0.097219	 0.097040
12.340000	 0.097449	 0.097276
12.350000	 0.097668	 0.097503
12.360000	 0.097878	 0.097720
12.370000	 0.098078	 0.097927
12.380000	 0.098268	 0.098125
12.390000	 0.098449	 0.098313
12.400000	 0.098619	 0.098490
12.410000	 0.098780	 0.098658
12.420000	 0.098931	 0.098817
12.430000	 0.099072	 0.098965
12.440000	 0.099203	 0.099103
12.450000	 0.099324	 0.099232
12.460000	 0.099435	 0.099351
12.470000	 0.099536	 0.099459
12.480000	 0.099627	 0.099558
12.490000	 0.099709	 0.099647
12.500000	 0.099780	 0.099726
12.510000	 0.099841	 0.099795
12.520000	 0.099893	 0.099854
12.530000	 0.099934	 0.099903
12.540000	 0.099965	 0.099942
12.550000	 0.099987	 0.099971
12.560000	 0.099998	 0.099990
12.570000	 0.099999	 0.099999
12.580000	 0.099991	 0.099998
12.590000	 0.099972	 0.099987
12.600000	 0.099943	 0.099967
12.610000	 0.099905	 0.099936
12.620000	 0.099856	 0.099895
12.630000	 0.099798	 0.099844
12.640000	 0.099729	 0.099784
12.650000	 0.099651	 0.099713
12.660000	 0.099562	 0.099632
12.670000	 0.099464	 0.099542
12.680000	 0.099355	 0.099441
12.690000	 0.099237	 0.099331
12.700000	 0.099108	 0.099210
12.710000	 0.098970	 0.099080
12.720000	 0.098822	 0.098940
12.730000	 0.098664	 0.098790
12.740000	 0.098496	 0.098630
12.750000	 0.098319	 0.098460
12.760000	 0.098131	 0.098280
12.770000	 0.097934	 0.098091
12.780000	 0.097727	 0.097892
12.790000	 0.097510	 0.097683
12.800000	 0.097283	 0.097464
12.810000	 0.097047	 0.097236
12.820000	 0.096801	 0.096997
12.830000	 0.096545	 0.096750
12.840000	 0.096280	 0.096492
12.850000	 0.096005	 0.096225
12.860000	 0.095720	 0.095948
12.870000	 0.095426	 0.095662
12.880000	 0.095122	 0.095366
12.890000	 0.094809	 0.095060
12.900000	 0.094486	 0.094746
12.910000	 0.094154	 0.094421
12.920000	 0.093812	 0.094087
12.930000	 0.093461	 0.093744
12.940000	 0.093101	 0.093392
12.950000	 0.092731	 0.093030
12.960000	 0.092352	 0.092659
12.970000	 0.091964	 0.092278
12.980000	 0.091567	 0.091889
12.990000	 0.091160	 0.091490
13.000000	 0.090745	 0.091082
13.010000	 0.090320	 0.090665
13.020000	 0.089886	 0.090239
13.030000	 0.089444	 0.089804
13.040000	 0.088992	 0.089360
13.050000	 0.088531	 0.088907
13.060000	 0.088062	 0.088445
13.070000	 0.087584	 0.087974
13.080000	 0.087097	 0.087494
13.090000	 0.086601	 0.087006
13.100000	 0.086097	 0.086509
13.110000	 0.085584	 0.086004
13.120000	 0.085062	 0.085490
13.130000	 0.084532	 0.084967
13.140000	 0.083994	 0.084436
13.150000	 0.083447	 0.083896
13.160000	 0.082892	 0.083348
13.170000	 0.082328	 0.082792
13.180000	 0.081756	 0.082227
13.190000	 0.081176	 0.081654
13.200000	 0.080588	 0.081074
13.210000	 0.079992	 0.080484
13.220000	 0.079388	 0.079887
13.230000	 0.078776	 0.079282
13.240000	 0.078156	 0.078669
13.250000	 0.077529	 0.078048
13.260000	 0.076893	 0.077420
13.270000	 0.076250	 0.076783
13.280000	 0.075599	 0.076139
13.290000	 0.074941	 0.075488
13.300000	 0.074275	 0.074828
13.310000	 0.073602	 0.074162
13.320000	 0.072921	 0.073488
13.330000	 0.072233	 0.072806
13.340000	 0.071538	 0.072118
13.350000	 0.070836	 0.071422
13.360000	 0.070126	 0.070719
13.370000	 0.069410	 0.070008
13.380000	 0.068687	 0.069291
13.390000	 0.067956	 0.068567
13.400000	 0.067219	 0.067836
13.410000	 0.066476	 0.067099
13.420000	 0.065725	 0.066354
13.430000	 0.064968	 0.065603
13.440000	 0.064205	 0.064846
13.450000	 0.063435	 0.064082
13.460000	 0.062659	 0.063311
13.470000	 0.061876	 0.062535
13.480000	 0.061088	 0.061752
13.490000	 0.060293	 0.060962
13.500000	 0.059492	 0.060167
13.510000	 0.058685	 0.059366
13.520000	 0.057873	 0.058559
13.530000	 0.057054	 0.057746
13.540000	 0.056230	 0.056927
13.550000	 0.055400	 0.056102
13.560000	 0.054565	 0.055272
13.570000	 0.053724	 0.054436
13.580000	 0.052878	 0.053595
13.590000	 0.052027	 0.052749
13.600000	 0.051170	 0.051897
13.610000	 0.050309	 0.051040
13.620000	 0.049442	 0.050178
13.630000	 0.048570	 0.049311
13.640000	 0.047694	 0.048439
13.650000	 0.046812	 0.047562
13.660000	 0.045926	 0.046681
13.670000	 0.045036	 0.045794
13.680000	 0.044141	 0.044904
13.690000	 0.043241	 0.044008
13.700000	 0.042337	 0.043109
13.710000	 0.041429	 0.042205
13.720000	 0.040517	 0.041296
13.730000	 0.039601	 0.040384
13.740000	 0.038681	 0.039468
13.750000	 0.037757	 0.038547
13.760000	 0.036829	 0.037623
13.770000	 0.035897	 0.036695
13.780000	 0.034962	 0.035764
13.790000	 0.034024	 0.034828
13.800000	 0.033081	 0.033890
13.810000	 0.032136	 0.032948
13.820000	 0.031188	 0.032002
13.830000	 0.030236	 0.031054
13.840000	 0.029281	 0.030102
13.850000	 0.028324	 0.029147
13.860000	 0.027363	 0.028190
13.870000	 0.026400	 0.027229
13.880000	 0.025434	 0.026266
13.890000	 0.024466	 0.025300
13.900000	 0.023495	 0.024332
13.910000	 0.022522	 0.023361
13.920000	 0.021546	 0.022388
13.930000	 0.020569	 0.021413
13.940000	 0.019589	 0.020436
13.950000	 0.018608	 0.019456
13.960000	 0.017624	 0.018475
13.970000	 0.016639	 0.017491
13.980000	 0.015652	 0.016506
13.990000	 0.014664	 0.015520
14.000000	 0.013674	 0.014531
14.010000	 0.012682	 0.013542
14.020000	 0.011690	 0.012551
14.030000	 0.010696	 0.011558
14.040000	 0.009701	 0.010565
14.050000	 0.008706	 0.009570
14.060000	 0.007709	 0.008575
14.070000	 0.006712	 0.007579
14.080000	 0.005714	 0.006582
14.090000	 0.004715	 0.005584
14.100000	 0.003716	 0.004586
14.110000	 0.002716	 0.003587
14.120000	 0.001717	 0.002588
14.130000	 0.000717	 0.001588
14.140000	 -0.000283	 0.000589
14.150000	 -0.001283	 -0.000411
14.160000	 -0.002283	 -0.001410
14.170000	 -0.003283	 -0.002410
14.180000	 -0.004282	 -0.003409
14.190000	 -0.005281	 -0.004408
14.200000	 -0.006279	 -0.005406
14.210000	 -0.007277	 -0.006404
14.220000	 -0.008274	 -0.007401
14.230000	 -0.009270	 -0.008398
14.240000	 -0.010265	 -0.009393
14.250000	 -0.011259	 -0.010388
14.260000	 -0.012252	 -0.011382
14.270000	 -0.013244	 -0.012374
14.280000	 -0.014235	 -0.013365
14.290000	 -0.015224	 -0.014355
14.300000	 -0.016211	 -0.015344
14.310000	 -0.017197	 -0.016331
14.320000	 -0.018182	 -0.017316
14.330000	 -0.019164	 -0.018300
14.340000	 -0.020145	 -0.019281
14.350000	 -0.021123	 -0.020261
14.360000	 -0.022099	 -0.021239
14.370000	 -0.023074	 -0.022215
14.380000	 -0.024045	 -0.023188
14.390000	 -0.025015	 -0.024159
14.400000	 -0.025982	 -0.025128
14.410000	 -0.026946	 -0.026094
14.420000	 -0.027908	 -0.027058
14.430000	 -0.028867	 -0.028019
14.440000	 -0.029823	 -0.028977
14.450000	 -0.030776	 -0.029932
14.460000	 -0.031725	 -0.030884
14.470000	 -0.032672	 -0.031834
14.480000	 -0.033616	 -0.032779
14.490000	 -0.034556	 -0.033722
14.500000	 -0.035492	 -0.034661
14.510000	 -0.036426	 -0.035597
14.520000	 -0.037355	 -0.036530
14.530000	 -0.038281	 -0.037458
14.540000	 -0.039203	 -0.038383
14.550000	 -0.040121	 -0.039304
14.560000	 -0.041035	 -0.040221
14.570000	 -0.041944	 -0.041134
14.580000	 -0.042850	 -0.042043
14.590000	 -0.043751	 -0.042948
14.600000	 -0.044648	 -0.043848
14.610000	 -0.045541	 -0.044745
14.620000	 -0.046429	 -0.045636
14.630000	 -0.047312	 -0.046523
14.640000	 -0.048191	 -0.047406
14.650000	 -0.049065	 -0.048283
14.660000	 -0.049934	 -0.049156
14.670000	 -0.050798	 -0.050024
14.680000	 -0.051656	 -0.050887
14.690000	 -0.052510	 -0.051745
14.700000	 -0.053358	 -0.052598
14.710000	 -0.054202	 -0.053445
14.720000	 -0.055039	 -0.054287
14.730000	 -0.055871	 -0.055124
14.740000	 -0.056698	 -0.055955
14.750000	 -0.057519	 -0.056780
14.760000	 -0.058334	 -0.057600
14.770000	 -0.059143	 -0.058414
14.780000	 -0.059947	 -0.059223
14.790000	 -0.060744	 -0.060025
14.800000	 -0.061535	 -0.060821
14.810000	 -0.062320	 -0.061612
14.820000	 -0.063099	 -0.062396
14.830000	 -0.063872	 -0.063174
14.840000	 -0.064638	 -0.063945
14.850000	 -0.065398	 -0.064710
14.860000	 -0.066151	 -0.065469
14.870000	 -0.066898	 -0.066221
14.880000	 -0.067638	 -0.066967
14.890000	 -0.068371	 -0.067706
14.900000	 -0.069097	 -0.068438
14.910000	 -0.069817	 -0.069163
14.920000	 -0.070529	 -0.069881
14.930000	 -0.071234	 -0.070593
14.940000	 -0.071933	 -0.071297
14.950000	 -0.072624	 -0.071994
14.960000	 -0.073308	 -0.072684
14.970000	 -0.073984	 -0.073367
14.980000	 -0.074653	 -0.074042
14.990000	 -0.075315	 -0.074710
15.000000	 -0.075969	 -0.075371
15.010000	 -0.076615	 -0.076024
15.020000	 -0.077254	 -0.076669
15.030000	 -0.077885	 -0.077307
15.040000	 -0.078508	 -0.077937
15.050000	 -0.079124	 -0.078559
15.060000	 -0.079731	 -0.079174
15.070000	 -0.080331	 -0.079780
15.080000	 -0.080923	 -0.080379
15.090000	 -0.081506	 -0.080969
15.100000	 -0.082081	 -0.081552
15.110000	 -0.082648	 -0.082126
15.120000	 -0.083207	 -0.082692
15.130000	 -0.083758	 -0.083250
15.140000	 -0.084300	 -0.083799
15.150000	 -0.084834	 -0.084340
15.160000	 -0.085359	 -0.084873
15.170000	 -0.085875	 -0.085397
15.180000	 -0.086383	 -0.085913
15.190000	 -0.086883	 -0.086420
15.200000	 -0.087374	 -0.086918
15.210000	 -0.087856	 -0.087408
15.220000	 -0.088329	 -0.087889
15.230000	 -0.088793	 -0.088362
15.240000	 -0.089249	 -0.088825
15.250000	 -0.089695	 -0.089280
15.260000	 -0.090133	 -0.089725
15.270000	 -0.090562	 -0.090162
15.280000	 -0.090981	 -0.090590
15.290000	 -0.091392	 -0.091008
15.300000	 -0.091793	 -0.091418
15.310000	 -0.092185	 -0.091818
15.320000	 -0.092568	 -0.092210
15.330000	 -0.092942	 -0.092592
15.340000	 -0.093306	 -0.092964
15.350000	 -0.093661	 -0.093328
15.360000	 -0.094007	 -0.093682
15.370000	 -0.094343	 -0.094027
15.380000	 -0.094670	 -0.094362
15.390000	 -0.094987	 -0.094689
15.400000	 -0.095295	 -0.095005
15.410000	 -0.095594	 -0.095312
15.420000	 -0.095882	 -0.095610
15.430000	 -0.096162	 -0.095898
15.440000	 -0.096431	 -0.096176
15.450000	 -0.096691	 -0.096445
15.460000	 -0.096941	 -0.096704
15.470000	 -0.097182	 -0.096954
15.480000	 -0.097413	 -0.097194
15.490000	 -0.097634	 -0.097424
15.500000	 -0.097845	 -0.097645
15.510000	 -0.098047	 -0.097855
15.520000	 -0.098239	 -0.098056
15.530000	 -0.098421	 -0.098247
15.540000	 -0.098593	 -0.098429
15.550000	 -0.098755	 -0.098600
15.560000	 -0.098907	 -0.098762
15.570000	 -0.099050	 -0.098914
15.580000	 -0.099182	 -0.099056
15.590000	 -0.099305	 -0.099188
15.600000	 -0.099418	 -0.099310
15.610000	 -0.099521	 -0.099422
15.620000	 -0.099613	 -0.099524
15.630000	 -0.099696	 -0.099617
15.640000	 -0.099769	 -0.099699
15.650000	 -0.099832	 -0.099772
15.660000	 -0.099885	 -0.099834
15.670000	 -0.099928	 -0.099887
15.680000	 -0.099961	 -0.099929
15.690000	 -0.099984	 -0.099962
15.700000	 -0.099997	 -0.099985
15.710000	 -0.100000	 -0.099997
15.720000	 -0.099993	 -0.100000
15.730000	 -0.099976	 -0.099992
15.740000	 -0.099949	 -0.099975
15.750000	 -0.099912	 -0.099948
15.760000	 -0.099865	 -0.099911
15.770000	 -0.099808	 -0.099863
15.780000	 -0.099741	 -0.099806
15.790000	 -0.099664	 -0.099739
15.800000	 -0.099577	 -0.099662
15.810000	 -0.099480	 -0.099575
15.820000	 -0.099373	 -0.099478
15.830000	 -0.099256	 -0.099371
15.840000	 -0.099130	 -0.099254
15.850000	 -0.098993	 -0.099127
15.860000	 -0.098846	 -0.098990
15.870000	 -0.098690	 -0.098844
15.880000	 -0.098524	 -0.098687
15.890000	 -0.098348	 -0.098521
15.900000	 -0.098162	 -0.098345
15.910000	 -0.097966	 -0.098159
15.920000	 -0.097760	 -0.097963
15.930000	 -0.097545	 -0.097758
15.940000	 -0.097320	 -0.097542
15.950000	 -0.097085	 -0.097317
15.960000	 -0.096841	 -0.097083
15.970000	 -0.096586	 -0.096838
15.980000	 -0.096323	 -0.096584
15.990000	 -0.096049	 -0.096320
16.000000	 -0.095766	 -0.096047
16.010000	 -0.095473	 -0.095764
16.020000	 -0.095171	 -0.095471
16.030000	 -0.094859	 -0.095169
16.040000	 -0.094538	 -0.094858
16.050000	 -0.094207	 -0.094537
16.060000	 -0.093867	 -0.094206
16.070000	 -0.093518	 -0.093867
16.080000	 -0.093159	 -0.093517
16.090000	 -0.092791	 -0.093159
16.100000	 -0.092413	 -0.092791
16.110000	 -0.092027	 -0.092414
16.120000	 -0.091631	 -0.092027
16.130000	 -0.091226	 -0.091632
16.140000	 -0.090811	 -0.091227
16.150000	 -0.090388	 -0.090813
16.160000	 -0.089956	 -0.090390
16.170000	 -0.089515	 -0.089958
16.180000	 -0.089064	 -0.089517
16.190000	 -0.088605	 -0.089068
16.200000	 -0.088137	 -0.088609
16.210000	 -0.087660	 -0.088141
16.220000	 -0.087175	 -0.087665
16.230000	 -0.086681	 -0.087180
16.240000	 -0.086178	 -0.086686
16.250000	 -0.085666	 -0.086183
16.260000	 -0.085146	 -0.085672
16.270000	 -0.084617	 -0.085152
16.280000	 -0.084080	 -0.084624
16.290000	 -0.083534	 -0.084088
16.300000	 -0.082981	 -0.083543
16.310000	 -0.082418	 -0.082989
16.320000	 -0.081848	 -0.082428
16.330000	 -0.081269	 -0.081858
16.340000	 -0.080683	 -0.081280
16.350000	 -0.080088	 -0.080693
16.360000	 -0.079485	 -0.080099
16.370000	 -0.078874	 -0.079497
16.380000	 -0.078256	 -0.078887
16.390000	 -0.077629	 -0.078269
16.400000	 -0.076995	 -0.077643
16.410000	 -0.076353	 -0.077009
16.420000	 -0.075703	 -0.076368
16.430000	 -0.075046	 -0.075719
16.440000	 -0.074381	 -0.075062
16.450000	 -0.073709	 -0.074398
16.460000	 -0.073030	 -0.073727
16.470000	 -0.072343	 -0.073048
16.480000	 -0.071649	 -0.072362
16.490000	 -0.070948	 -0.071668
16.500000	 -0.070240	 -0.070968
16.510000	 -0.069524	 -0.070260
16.520000	 -0.068802	 -0.069545
16.530000	 -0.068073	 -0.068824
16.540000	 -0.067337	 -0.068095
16.550000	 -0.066594	 -0.067360
16.560000	 -0.065845	 -0.066618
16.570000	 -0.065089	 -0.065869
16.580000	 -0.064327	 -0.065114
16.590000	 -0.063558	 -0.064352
16.600000	 -0.062783	 -0.063584
16.610000	 -0.062001	 -0.062810
16.620000	 -0.061214	 -0.062029
16.630000	 -0.060420	 -0.061242
16.640000	 -0.059620	 -0.060449
16.650000	 -0.058814	 -0.059650
16.660000	 -0.058003	 -0.058844
16.670000	 -0.057185	 -0.058033
16.680000	 -0.056362	 -0.057217
16.690000	 -0.055533	 -0.056394
16.700000	 -0.054699	 -0.055566
16.710000	 -0.053859	 -0.054732
16.720000	 -0.053013	 -0.053893
16.730000	 -0.052163	 -0.053048
16.740000	 -0.051307	 -0.052198
16.750000	 -0.050446	 -0.051343
16.760000	 -0.049580	 -0.050483
16.770000	 -0.048709	 -0.049618
16.780000	 -0.047834	 -0.048748
16.790000	 -0.046953	 -0.047872
16.800000	 -0.046068	 -0.046993
16.810000	 -0.045178	 -0.046108
16.820000	 -0.044284	 -0.045219
16.830000	 -0.043385	 -0.044325
16.840000	 -0.042482	 -0.043427
16.850000	 -0.041574	 -0.042524
16.860000	 -0.040663	 -0.041618
16.870000	 -0.039747	 -0.040707
16.880000	 -0.038828	 -0.039792
16.890000	 -0.037904	 -0.038873
16.900000	 -0.036977	 -0.037950
16.910000	 -0.036046	 -0.037023
16.920000	 -0.035111	 -0.036093
16.930000	 -0.034173	 -0.035159
16.940000	 -0.033232	 -0.034221
16.950000	 -0.032287	 -0.033281
16.960000	 -0.031339	 -0.032336
16.970000	 -0.030388	 -0.031389
16.980000	 -0.029433	 -0.030438
16.990000	 -0.028476	 -0.029485
17.000000	 -0.027516	 -0.028528
17.010000	 -0.026554	 -0.027569
17.020000	 -0.025588	 -0.026607
17.030000	 -0.024620	 -0.025642
17.040000	 -0.023650	 -0.024674
17.050000	 -0.022677	 -0.023704
17.060000	 -0.021702	 -0.022732
17.070000	 -0.020725	 -0.021758
17.080000	 -0.019745	 -0.020781
17.090000	 -0.018764	 -0.019802
17.100000	 -0.017781	 -0.018821
17.110000	 -0.016796	 -0.017839
17.120000	 -0.015809	 -0.016854
17.130000	 -0.014821	 -0.015868
17.140000	 -0.013831	 -0.014881
17.150000	 -0.012840	 -0.013891
17.160000	 -0.011848	 -0.012901
17.170000	 -0.010855	 -0.011909
17.180000	 -0.009860	 -0.010916
17.190000	 -0.008864	 -0.009922
17.200000	 -0.007868	 -0.008927
17.210000	 -0.006871	 -0.007931
17.220000	 -0.005873	 -0.006934
17.230000	 -0.004874	 -0.005936
17.240000	 -0.003875	 -0.004938
17.250000	 -0.002876	 -0.003940
17.260000	 -0.001876	 -0.002941
17.270000	 -0.000876	 -0.001941
17.280000	 0.000124	 -0.000942
17.290000	 0.001124	 0.000058
17.300000	 0.002124	 0.001057
17.310000	 0.003124	 0.002057
17.320000	 0.004123	 0.003056
17.330000	 0.005122	 0.004055
17.340000	 0.006120	 0.005054
17.350000	 0.007118	 0.006052
17.360000	 0.008115	 0.007049
17.370000	 0.009111	 0.008046
17.380000	 0.010107	 0.009042
17.390000	 0.011101	 0.010037
17.400000	 0.012094	 0.011031
17.410000	 0.013086	 0.012024
17.420000	 0.014077	 0.013015
17.430000	 0.015066	 0.014006
17.440000	 0.016054	 0.014995
17.450000	 0.017040	 0.015982
17.460000	 0.018025	 0.016968
17.470000	 0.019008	 0.017953
17.480000	 0.019988	 0.018935
17.490000	 0.020967	 0.019916
17.500000	 0.021944	 0.020894
17.510000	 0.022919	 0.021871
17.520000	 0.023891	 0.022845
17.530000	 0.024861	 0.023817
17.540000	 0.025828	 0.024786
17.550000	 0.026793	 0.025753
17.560000	 0.027755	 0.026718
17.570000	 0.028714	 0.027680
17.580000	 0.029670	 0.028639
17.590000	 0.030624	 0.029595
17.600000	 0.031574	 0.030549
17.610000	 0.032522	 0.031499
17.620000	 0.033466	 0.032446
17.630000	 0.034406	 0.033390
17.640000	 0.035343	 0.034330
17.650000	 0.036277	 0.035267
17.660000	 0.037207	 0.036201
17.670000	 0.038134	 0.037131
17.680000	 0.039056	 0.038057
17.690000	 0.039975	 0.038979
17.700000	 0.040889	 0.039898
17.710000	 0.041800	 0.040812
17.720000	 0.042706	 0.041723
17.730000	 0.043608	 0.042629
17.740000	 0.044506	 0.043531
17.750000	 0.045399	 0.044429
17.760000	 0.046288	 0.045322
17.770000	 0.047172	 0.046211
17.780000	 0.048051	 0.047095
17.790000	 0.048926	 0.047974
17.800000	 0.049796	 0.048849
17.810000	 0.050660	 0.049718
17.820000	 0.051520	 0.050583
17.830000	 0.052374	 0.051443
17.840000	 0.053224	 0.052297
17.850000	 0.054068	 0.053146
17.860000	 0.054906	 0.053990
17.870000	 0.055739	 0.054829
17.880000	 0.056567	 0.055662
17.890000	 0.057388	 0.056490
17.900000	 0.058204	 0.057311
17.910000	 0.059015	 0.058128
17.920000	 0.059819	 0.058938
17.930000	 0.060617	 0.059742
17.940000	 0.061410	 0.060541
17.950000	 0.062196	 0.061333
17.960000	 0.062976	 0.062120
17.970000	 0.063749	 0.062900
17.980000	 0.064517	 0.063673
17.990000	 0.065277	 0.064441
18.000000	 0.066032	 0.065202
18.010000	 0.066779	 0.065956
18.020000	 0.067520	 0.066704
18.030000	 0.068255	 0.067446
18.040000	 0.068982	 0.068180
18.050000	 0.069703	 0.068908
18.060000	 0.070416	 0.069628
18.070000	 0.071123	 0.070342
18.080000	 0.071822	 0.071049
18.090000	 0.072514	 0.071749
18.100000	 0.073199	 0.072441
18.110000	 0.073877	 0.073127
18.120000	 0.074547	 0.073805
18.130000	 0.075210	 0.074475
18.140000	 0.075865	 0.075138
18.150000	 0.076513	 0.075794
18.160000	 0.077153	 0.076442
18.170000	 0.077785	 0.077083
18.180000	 0.078410	 0.077716
18.190000	 0.079026	 0.078341
18.200000	 0.079635	 0.078958
18.210000	 0.080236	 0.079567
18.220000	 0.080829	 0.080168
18.230000	 0.081414	 0.080762
18.240000	 0.081990	 0.081347
18.250000	 0.082559	 0.081924
18.260000	 0.083119	 0.082493
18.270000	 0.083671	 0.083054
18.280000	 0.084214	 0.083606
18.290000	 0.084749	 0.084150
18.300000	 0.085276	 0.084686
18.310000	 0.085794	 0.085213
18.320000	 0.086303	 0.085732
18.330000	 0.086804	 0.086242
18.340000	 0.087296	 0.086743
18.350000	 0.087780	 0.087236
18.360000	 0.088254	 0.087720
18.370000	 0.088720	 0.088196
18.380000	 0.089177	 0.088662
18.390000	 0.089625	 0.089120
18.400000	 0.090064	 0.089569
18.410000	 0.090494	 0.090009
18.420000	 0.090915	 0.090440
18.430000	 0.091327	 0.090862
18.440000	 0.091730	 0.091274
18.450000	 0.092123	 0.091678
18.460000	 0.092508	 0.092072
18.470000	 0.092883	 0.092458
18.480000	 0.093249	 0.092834
18.490000	 0.093605	 0.093201
18.500000	 0.093952	 0.093558
18.510000	 0.094290	 0.093906
18.520000	 0.094619	 0.094245
18.530000	 0.094938	 0.094575
18.540000	 0.095247	 0.094894
18.550000	 0.095547	 0.095205
18.560000	 0.095837	 0.095506
18.570000	 0.096118	 0.095797
18.580000	 0.096389	 0.096079
18.590000	 0.096650	 0.096351
18.600000	 0.096902	 0.096614
18.610000	 0.097144	 0.096867
18.620000	 0.097377	 0.097110
18.630000	 0.097599	 0.097344
18.640000	 0.097812	 0.097568
18.650000	 0.098015	 0.097782
18.660000	 0.098209	 0.097986
18.670000	 0.098392	 0.098181
18.680000	 0.098566	 0.098366
18.690000	 0.098730	 0.098541
18.700000	 0.098884	 0.098706
18.710000	 0.099028	 0.098861
18.720000	 0.099162	 0.099007
18.730000	 0.099286	 0.099142
18.740000	 0.099400	 0.099268
18.750000	 0.099505	 0.099384
18.760000	 0.099599	 0.099489
18.770000	 0.099684	 0.099585
18.780000	 0.099758	 0.099671
18.790000	 0.099823	 0.099747
18.800000	 0.099877	 0.099813
18.810000	 0.099922	 0.099869
18.820000	 0.099956	 0.099915
18.830000	 0.099981	 0.099952
18.840000	 0.099995	 0.099978
18.850000	 0.100000	 0.099994
18.860000	 0.099995	 0.100000
18.870000	 0.099979	 0.099996
18.880000	 0.099954	 0.099982
18.890000	 0.099918	 0.099959
18.900000	 0.099873	 0.099925
18.910000	 0.099817	 0.099881
18.920000	 0.099752	 0.099827
18.930000	 0.099677	 0.099764
18.940000	 0.099591	 0.099690
18.950000	 0.099496	 0.099607
18.960000	 0.099391	 0.099513
18.970000	 0.099276	 0.099410
18.980000	 0.099150	 0.099296
18.990000	 0.099015	 0.099173
19.000000	 0.098870	 0.099040
19.010000	 0.098716	 0.098897
19.020000	 0.098551	 0.098744
19.030000	 0.098376	 0.098581
19.040000	 0.098192	 0.098408
19.050000	 0.097998	 0.098226
19.060000	 0.097794	 0.098033
19.070000	 0.097580	 0.097831
19.080000	 0.097357	 0.097620
19.090000	 0.097123	 0.097398
19.100000	 0.096880	 0.097167
19.110000	 0.096628	 0.096926
19.120000	 0.096365	 0.096675
19.130000	 0.096093	 0.096415
19.140000	 0.095812	 0.096145
19.150000	 0.095521	 0.095865
19.160000	 0.095220	 0.095576
19.170000	 0.094910	 0.095277
19.180000	 0.094590	 0.094969
19.190000	 0.094261	 0.094651
19.200000	 0.093922	 0.094324
19.210000	 0.093574	 0.093988
19.220000	 0.093217	 0.093642
19.230000	 0.092850	 0.093286
19.240000	 0.092474	 0.092922
19.250000	 0.092089	 0.092548
19.260000	 0.091694	 0.092165
19.270000	 0.091291	 0.091772
19.280000	 0.090878	 0.091371
19.290000	 0.090456	 0.090960
19.300000	 0.090025	 0.090541
19.310000	 0.089586	 0.090112
19.320000	 0.089137	 0.089674
19.330000	 0.088679	 0.089227
19.340000	 0.088212	 0.088772
19.350000	 0.087737	 0.088307
19.360000	 0.087253	 0.087834
19.370000	 0.086760	 0.087352
19.380000	 0.086258	 0.086861
19.390000	 0.085748	 0.086362
19.400000	 0.085229	 0.085854
19.410000	 0.084702	 0.085337
19.420000	 0.084166	 0.084812
19.430000	 0.083622	 0.084278
19.440000	 0.083069	 0.083736
19.450000	 0.082508	 0.083186
19.460000	 0.081939	 0.082627
19.470000	 0.081362	 0.082060
19.480000	 0.080777	 0.081485
19.490000	 0.080183	 0.080901
19.500000	 0.079581	 0.080310
19.510000	 0.078972	 0.079710
19.520000	 0.078355	 0.079103
19.530000	 0.077729	 0.078488
19.540000	 0.077096	 0.077865
19.550000	 0.076456	 0.077234
19.560000	 0.075807	 0.076595
19.570000	 0.075151	 0.075949
19.580000	 0.074488	 0.075295
19.590000	 0.073817	 0.074633
19.600000	 0.073139	 0.073965
19.610000	 0.072453	 0.073288
19.620000	 0.071760	 0.072605
19.630000	 0.071060	 0.071914
19.640000	 0.070353	 0.071216
19.650000	 0.069639	 0.070511
19.660000	 0.068918	 0.069799
19.670000	 0.068190	 0.069079
19.680000	 0.067455	 0.068353
19.690000	 0.066713	 0.067620
19.700000	 0.065965	 0.066881
19.710000	 0.065210	 0.066135
19.720000	 0.064449	 0.065382
19.730000	 0.063681	 0.064622
19.740000	 0.062907	 0.063856
19.750000	 0.062126	 0.063084
19.760000	 0.061340	 0.062305
19.770000	 0.060547	 0.061520
19.780000	 0.059748	 0.060729
19.790000	 0.058943	 0.059932
19.800000	 0.058132	 0.059129
19.810000	 0.057316	 0.058320
19.820000	 0.056493	 0.057506
19.830000	 0.055665	 0.056685
19.840000	 0.054832	 0.055859
19.850000	 0.053993	 0.055027
19.860000	 0.053148	 0.054190
19.870000	 0.052299	 0.053347
19.880000	 0.051444	 0.052499
19.890000	 0.050584	 0.051646
19.900000	 0.049719	 0.050787
19.910000	 0.048848	 0.049924
19.920000	 0.047973	 0.049055
19.930000	 0.047094	 0.048182
19.940000	 0.046209	 0.047304
19.950000	 0.045320	 0.046421
19.960000	 0.044426	 0.045533
19.970000	 0.043528	 0.044641
19.980000	 0.042626	 0.043745
19.990000	 0.041719	 0.042844
20.000000	 0.040808	 0.041938
20.010000	 0.039893	 0.041029
20.020000	 0.038974	 0.040115
20.030000	 0.038051	 0.039198
20.040000	 0.037125	 0.038276
20.050000	 0.036194	 0.037351
20.060000	 0.035260	 0.036422
20.070000	 0.034323	 0.035489
20.080000	 0.033382	 0.034553
20.090000	 0.032438	 0.033613
20.100000	 0.031490	 0.032670
20.110000	 0.030539	 0.031724
20.120000	 0.029586	 0.030774
20.130000	 0.028629	 0.029822
20.140000	 0.027669	 0.028866
20.150000	 0.026707	 0.027908
20.160000	 0.025742	 0.026947
20.170000	 0.024775	 0.025983
20.180000	 0.023804	 0.025016
20.190000	 0.022832	 0.024047
20.200000	 0.021857	 0.023076
20.210000	 0.020880	 0.022102
20.220000	 0.019901	 0.021126
20.230000	 0.018920	 0.020148
20.240000	 0.017938	 0.019168
20.250000	 0.016953	 0.018186
20.260000	 0.015967	 0.017202
20.270000	 0.014979	 0.016217
20.280000	 0.013989	 0.015229
20.290000	 0.012998	 0.014241
20.300000	 0.012006	 0.013251
20.310000	 0.011013	 0.012259
20.320000	 0.010018	 0.011267
20.330000	 0.009023	 0.010273
20.340000	 0.008027	 0.009278
20.350000	 0.007029	 0.008282
20.360000	 0.006032	 0.007286
20.370000	 0.005033	 0.006289
20.380000	 0.004034	 0.005291
20.390000	 0.003035	 0.004292
20.400000	 0.002035	 0.003293
20.410000	 0.001035	 0.002294
20.420000	 0.000035	 0.001295
20.430000	 -0.000965	 0.000295
20.440000	 -0.001965	 -0.000704
20.450000	 -0.002964	 -0.001704
20.460000	 -0.003964	 -0.002703
20.470000	 -0.004963	 -0.003702
20.480000	 -0.005961	 -0.004701
20.490000	 -0.006959	 -0.005699
20.500000	 -0.007956	 -0.006697
20.510000	 -0.008953	 -0.007694
20.520000	 -0.009948	 -0.008690
20.530000	 -0.010943	 -0.009686
20.540000	 -0.011936	 -0.010680
20.550000	 -0.012928	 -0.011673
20.560000	 -0.013919	 -0.012665
20.570000	 -0.014909	 -0.013656
20.580000	 -0.015897	 -0.014646
20.590000	 -0.016884	 -0.015634
20.600000	 -0.017868	 -0.016620
20.610000	 -0.018851	 -0.017605
20.620000	 -0.019832	 -0.018588
20.630000	 -0.020812	 -0.019570
20.640000	 -0.021789	 -0.020549
20.650000	 -0.022763	 -0.021526
20.660000	 -0.023736	 -0.022501
20.670000	 -0.024706	 -0.023474
20.680000	 -0.025674	 -0.024444
20.690000	 -0.026639	 -0.025412
20.700000	 -0.027602	 -0.026378
20.710000	 -0.028561	 -0.027341
20.720000	 -0.029518	 -0.028301
20.730000	 -0.030472	 -0.029258
20.740000	 -0.031423	 -0.030212
20.750000	 -0.032371	 -0.031164
20.760000	 -0.033315	 -0.032112
20.770000	 -0.034257	 -0.033057
20.780000	 -0.035194	 -0.033998
20.790000	 -0.036129	 -0.034937
20.800000	 -0.037059	 -0.035872
20.810000	 -0.037986	 -0.036803
20.820000	 -0.038909	 -0.037730
20.830000	 -0.039829	 -0.038654
20.840000	 -0.040744	 -0.039574
20.850000	 -0.041655	 -0.040490
20.860000	 -0.042562	 -0.041402
20.870000	 -0.043465	 -0.042309
20.880000	 -0.044363	 -0.043213
20.890000	 -0.045257	 -0.044112
20.900000	 -0.046147	 -0.045007
20.910000	 -0.047032	 -0.045897
20.920000	 -0.047912	 -0.046783
20.930000	 -0.048787	 -0.047664
20.940000	 -0.049657	 -0.048540
20.950000	 -0.050523	 -0.049412
20.960000	 -0.051383	 -0.050278
20.970000	 -0.052239	 -0.051140
20.980000	 -0.053089	 -0.051996
20.990000	 -0.053934	 -0.052847
21.000000	 -0.054773	 -0.053693
21.010000	 -0.055607	 -0.054533
21.020000	 -0.056435	 -0.055368
21.030000	 -0.057258	 -0.056198
21.040000	 -0.058075	 -0.057022
21.050000	 -0.058886	 -0.057840
21.060000	 -0.059691	 -0.058652
21.070000	 -0.060491	 -0.059459
21.080000	 -0.061284	 -0.060260
21.090000	 -0.062071	 -0.061054
21.100000	 -0.062852	 -0.061843
21.110000	 -0.063627	 -0.062625
21.120000	 -0.064395	 -0.063401
21.130000	 -0.065157	 -0.064171
21.140000	 -0.065912	 -0.064934
21.150000	 -0.066661	 -0.065691
21.160000	 -0.067403	 -0.066441
21.170000	 -0.068138	 -0.067185
21.180000	 -0.068867	 -0.067921
21.190000	 -0.069588	 -0.068652
21.200000	 -0.070303	 -0.069375
21.210000	 -0.071011	 -0.070091
21.220000	 -0.071711	 -0.070800
21.230000	 -0.072404	 -0.071503
21.240000	 -0.073091	 -0.072198
21.250000	 -0.073769	 -0.072886
21.260000	 -0.074441	 -0.073566
21.270000	 -0.075105	 -0.074239
21.280000	 -0.075761	 -0.074905
21.290000	 -0.076410	 -0.075564
21.300000	 -0.077051	 -0.076214
21.310000	 -0.077685	 -0.076857
21.320000	 -0.078311	 -0.077493
21.330000	 -0.078929	 -0.078121
21.340000	 -0.079539	 -0.078741
21.350000	 -0.080141	 -0.079353
21.360000	 -0.080735	 -0.079957
21.370000	 -0.081321	 -0.080553
21.380000	 -0.081899	 -0.081141
21.390000	 -0.082469	 -0.081721
21.400000	 -0.083030	 -0.082293
21.410000	 -0.083583	 -0.082857
21.420000	 -0.084128	 -0.083412
21.430000	 -0.084664	 -0.083959
21.440000	 -0.085192	 -0.084498
21.450000	 -0.085712	 -0.085028
21.460000	 -0.086223	 -0.085550
21.470000	 -0.086725	 -0.086063
21.480000	 -0.087218	 -0.086567
21.490000	 -0.087703	 -0.087063
21.500000	 -0.088179	 -0.087550
21.510000	 -0.088646	 -0.088029
21.520000	 -0.089105	 -0.088499
21.530000	 -0.089554	 -0.088959
21.540000	 -0.089995	 -0.089411
21.550000	 -0.090426	 -0.089854
21.560000	 -0.090849	 -0.090289
21.570000	 -0.091262	 -0.090714
21.580000	 -0.091666	 -0.091130
21.590000	 -0.092061	 -0.091536
21.600000	 -0.092447	 -0.091934
21.610000	 -0.092824	 -0.092323
21.620000	 -0.093191	 -0.092702
21.630000	 -0.093549	 -0.093072
21.640000	 -0.093898	 -0.093433
21.650000	 -0.094237	 -0.093784
21.660000	 -0.094567	 -0.094127
21.670000	 -0.094887	 -0.094459
21.680000	 -0.095198	 -0.094783
21.690000	 -0.095500	 -0.095096
21.700000	 -0.095791	 -0.095401
21.710000	 -0.096074	 -0.095695
21.720000	 -0.096346	 -0.095981
21.730000	 -0.096609	 -0.096256
21.740000	 -0.096863	 -0.096522
21.750000	 -0.097106	 -0.096779
21.760000	 -0.097340	 -0.097025
21.770000	 -0.097565	 -0.097263
21.780000	 -0.097779	 -0.097490
21.790000	 -0.097984	 -0.097707
21.800000	 -0.098179	 -0.097915
21.810000	 -0.098364	 -0.098113
21.820000	 -0.098539	 -0.098302
21.830000	 -0.098704	 -0.098480
21.840000	 -0.098860	 -0.098649
21.850000	 -0.099006	 -0.098808
21.860000	 -0.099141	 -0.098956
21.870000	 -0.099267	 -0.099096
21.880000	 -0.099383	 -0.099225
21.890000	 -0.099489	 -0.099344
21.900000	 -0.099585	 -0.099453
21.910000	 -0.099671	 -0.099553
21.920000	 -0.099747	 -0.099642
21.930000	 -0.099813	 -0.099722
21.940000	 -0.099869	 -0.099791
21.950000	 -0.099915	 -0.099851
21.960000	 -0.099951	 -0.099900
21.970000	 -0.099978	 -0.099940
21.980000	 -0.099994	 -0.099970
21.990000	 -0.100000	 -0.099989
22.000000	 -0.099996	 -0.099999
22.010000	 -0.099982	 -0.099999
22.020000	 -0.099958	 -0.099988
22.030000	 -0.099925	 -0.099968
22.040000	 -0.099881	 -0.099938
22.050000	 -0.099827	 -0.099898
22.060000	 -0.099763	 -0.099848
22.070000	 -0.099689	 -0.099787
22.080000	 -0.099606	 -0.099717
22.090000	 -0.099512	 -0.099637
22.100000	 -0.099408	 -0.099547
22.110000	 -0.099295	 -0.099447
22.120000	 -0.099171	 -0.099337
22.130000	 -0.099038	 -0.099218
22.140000	 -0.098894	 -0.099088
22.150000	 -0.098741	 -0.098948
22.160000	 -0.098578	 -0.098799
22.170000	 -0.098405	 -0.098640
22.180000	 -0.098222	 -0.098470
22.190000	 -0.098029	 -0.098291
22.200000	 -0.097827	 -0.098102
22.210000	 -0.097615	 -0.097904
22.220000	 -0.097393	 -0.097695
22.230000	 -0.097161	 -0.097477
22.240000	 -0.096920	 -0.097249
22.250000	 -0.096668	 -0.097012
22.260000	 -0.096408	 -0.096765
22.270000	 -0.096137	 -0.096508
22.280000	 -0.095857	 -0.096241
22.290000	 -0.095568	 -0.095965
22.300000	 -0.095268	 -0.095679
22.310000	 -0.094960	 -0.095384
22.320000	 -0.094641	 -0.095079
22.330000	 -0.094314	 -0.094765
22.340000	 -0.093977	 -0.094441
22.350000	 -0.093630	 -0.094108
22.360000	 -0.093274	 -0.093765
22.370000	 -0.092909	 -0.093413
22.380000	 -0.092535	 -0.093052
22.390000	 -0.092151	 -0.092681
22.400000	 -0.091758	 -0.092301
22.410000	 -0.091356	 -0.091912
22.420000	 -0.090944	 -0.091514
22.430000	 -0.090524	 -0.091106
22.440000	 -0.090095	 -0.090690
22.450000	 -0.089656	 -0.090264
22.460000	 -0.089209	 -0.089830
22.470000	 -0.088752	 -0.089386
22.480000	 -0.088287	 -0.088934
22.490000	 -0.087813	 -0.088472
22.500000	 -0.087330	 -0.088002
22.510000	 -0.086839	 -0.087523
22.520000	 -0.086339	 -0.087036
22.530000	 -0.085830	 -0.086539
22.540000	 -0.085312	 -0.086034
22.550000	 -0.084786	 -0.085520
22.560000	 -0.084252	 -0.084998
22.570000	 -0.083709	 -0.084468
22.580000	 -0.083158	 -0.083928
22.590000	 -0.082598	 -0.083381
22.600000	 -0.082031	 -0.082825
22.610000	 -0.081455	 -0.082261
22.620000	 -0.080870	 -0.081689
22.630000	 -0.080278	 -0.081108
22.640000	 -0.079678	 -0.080520
22.650000	 -0.079070	 -0.079923
22.660000	 -0.078453	 -0.079318
22.670000	 -0.077829	 -0.078706
22.680000	 -0.077198	 -0.078086
22.690000	 -0.076558	 -0.077457
22.700000	 -0.075911	 -0.076821
22.710000	 -0.075256	 -0.076178
22.720000	 -0.074594	 -0.075527
22.730000	 -0.073924	 -0.074868
22.740000	 -0.073247	 -0.074202
22.750000	 -0.072563	 -0.073528
22.760000	 -0.071871	 -0.072847
22.770000	 -0.071172	 -0.072159
22.780000	 -0.070466	 -0.071463
22.790000	 -0.069753	 -0.070761
22.800000	 -0.069033	 -0.070051
22.810000	 -0.068306	 -0.069334
22.820000	 -0.067572	 -0.068611
22.830000	 -0.066832	 -0.067880
22.840000	 -0.066085	 -0.067143
22.850000	 -0.065331	 -0.066399
22.860000	 -0.064570	 -0.065648
22.870000	 -0.063804	 -0.064891
22.880000	 -0.063030	 -0.064127
22.890000	 -0.062251	 -0.063357
22.900000	 -0.061465	 -0.062581
22.910000	 -0.060673	 -0.061798
22.920000	 -0.059875	 -0.061009
22.930000	 -0.059072	 -0.060215
22.940000	 -0.058262	 -0.059414
22.950000	 -0.057446	 -0.058607
22.960000	 -0.056625	 -0.057794
22.970000	 -0.055798	 -0.056976
22.980000	 -0.054965	 -0.056151
22.990000	 -0.054127	 -0.055321
23.000000	 -0.053283	 -0.054486
23.010000	 -0.052434	 -0.053645
23.020000	 -0.051580	 -0.052799
23.030000	 -0.050721	 -0.051948
23.040000	 -0.049857	 -0.051091
23.050000	 -0.048987	 -0.050229
23.060000	 -0.048113	 -0.049363
23.070000	 -0.047234	 -0.048491
23.080000	 -0.046350	 -0.047614
23.090000	 -0.045462	 -0.046733
23.100000	 -0.044569	 -0.045847
23.110000	 -0.043672	 -0.044957
23.120000	 -0.042770	 -0.044062
23.130000	 -0.041864	 -0.043162
23.140000	 -0.040954	 -0.042258
23.150000	 -0.040039	 -0.041350
23.160000	 -0.039121	 -0.040438
23.170000	 -0.038199	 -0.039522
23.180000	 -0.037273	 -0.038602
23.190000	 -0.036343	 -0.037678
23.200000	 -0.035409	 -0.036750
23.210000	 -0.034472	 -0.035819
23.220000	 -0.033532	 -0.034884
23.230000	 -0.032588	 -0.033945
23.240000	 -0.031641	 -0.033004
23.250000	 -0.030691	 -0.032058
23.260000	 -0.029738	 -0.031110
23.270000	 -0.028782	 -0.030159
23.280000	 -0.027822	 -0.029204
23.290000	 -0.026861	 -0.028247
23.300000	 -0.025896	 -0.027286
23.310000	 -0.024929	 -0.026323
23.320000	 -0.023959	 -0.025358
23.330000	 -0.022987	 -0.024390
23.340000	 -0.022013	 -0.023419
23.350000	 -0.021036	 -0.022446
23.360000	 -0.020058	 -0.021471
23.370000	 -0.019077	 -0.020494
23.380000	 -0.018094	 -0.019514
23.390000	 -0.017110	 -0.018533
23.400000	 -0.016124	 -0.017550
23.410000	 -0.015136	 -0.016565
23.420000	 -0.014147	 -0.015578
23.430000	 -0.013156	 -0.014590
23.440000	 -0.012164	 -0.013600
23.450000	 -0.011171	 -0.012610
23.460000	 -0.010177	 -0.011617
23.470000	 -0.009182	 -0.010624
23.480000	 -0.008185	 -0.009629
23.490000	 -0.007188	 -0.008634
23.500000	 -0.006191	 -0.007638
23.510000	 -0.005192	 -0.006641
23.520000	 -0.004193	 -0.005643
23.530000	 -0.003194	 -0.004645
23.540000	 -0.002194	 -0.003646
23.550000	 -0.001194	 -0.002647
23.560000	 -0.000194	 -0.001648
23.570000	 0.000806	 -0.000648
23.580000	 0.001805	 0.000351
23.590000	 0.002805	 0.001351
23.600000	 0.003805	 0.002350
23.610000	 0.004804	 0.003350
23.620000	 0.005802	 0.004348
23.630000	 0.006800	 0.005347
23.640000	 0.007798	 0.006345
23.650000	 0.008794	 0.007342
23.660000	 0.009790	 0.008339
23.670000	 0.010784	 0.009334
23.680000	 0.011778	 0.010329
23.690000	 0.012771	 0.011323
23.700000	 0.013762	 0.012315
23.710000	 0.014751	 0.013307
23.720000	 0.015740	 0.014297
23.730000	 0.016727	 0.015285
23.740000	 0.017712	 0.016272
23.750000	 0.018695	 0.017258
23.760000	 0.019676	 0.018241
23.770000	 0.020656	 0.019223
23.780000	 0.021633	 0.020203
23.790000	 0.022608	 0.021181
23.800000	 0.023581	 0.022157
23.810000	 0.024552	 0.023131
23.820000	 0.025520	 0.024102
23.830000	 0.026486	 0.025071
23.840000	 0.027449	 0.026037
23.850000	 0.028409	 0.027001
23.860000	 0.029366	 0.027962
23.870000	 0.030321	 0.028920
23.880000	 0.031272	 0.029876
23.890000	 0.032220	 0.030828
23.900000	 0.033165	 0.031777
23.910000	 0.034107	 0.032723
23.920000	 0.035045	 0.033666
23.930000	 0.035980	 0.034606
23.940000	 0.036911	 0.035542
23.950000	 0.037839	 0.036474
23.960000	 0.038763	 0.037403
23.970000	 0.039682	 0.038328
23.980000	 0.040598	 0.039250
23.990000	 0.041510	 0.040167
24.000000	 0.042418	 0.041080
24.010000	 0.043321	 0.041989
24.020000	 0.044220	 0.042894
24.030000	 0.045115	 0.043795
24.040000	 0.046005	 0.044692
24.050000	 0.046891	 0.045583
24.060000	 0.047772	 0.046471
24.070000	 0.048648	 0.047353
24.080000	 0.049519	 0.048231
24.090000	 0.050385	 0.049105
24.100000	 0.051247	 0.049973
24.110000	 0.052103	 0.050836
24.120000	 0.052954	 0.051694
24.130000	 0.053799	 0.052547
24.140000	 0.054640	 0.053395
24.150000	 0.055474	 0.054237
24.160000	 0.056304	 0.055074
24.170000	 0.057127	 0.055906
24.180000	 0.057945	 0.056732
24.190000	 0.058757	 0.057552
24.200000	 0.059563	 0.058366
24.210000	 0.060364	 0.059175
24.220000	 0.061158	 0.059978
24.230000	 0.061946	 0.060774
24.240000	 0.062728	 0.061565
24.250000	 0.063504	 0.062349
24.260000	 0.064273	 0.063128
24.270000	 0.065036	 0.063900
24.280000	 0.065792	 0.064665
24.290000	 0.066542	 0.065424
24.300000	 0.067285	 0.066177
24.310000	 0.068021	 0.066923
24.320000	 0.068751	 0.067662
24.330000	 0.069474	 0.068395
24.340000	 0.070190	 0.069120
24.350000	 0.070898	 0.069839
24.360000	 0.071600	 0.070551
24.370000	 0.072294	 0.071255
24.380000	 0.072982	 0.071953
24.390000	 0.073662	 0.072643
24.400000	 0.074334	 0.073327
24.410000	 0.075000	 0.074002
24.420000	 0.075657	 0.074671
24.430000	 0.076307	 0.075332
24.440000	 0.076950	 0.075985
24.450000	 0.077585	 0.076631
24.460000	 0.078212	 0.077269
24.470000	 0.078831	 0.077900
24.480000	 0.079442	 0.078523
24.490000	 0.080046	 0.079138
24.500000	 0.080641	 0.079744
24.510000	 0.081228	 0.080343
24.520000	 0.081807	 0.080934
24.530000	 0.082378	 0.081517
24.540000	 0.082941	 0.082092
24.550000	 0.083496	 0.082659
24.560000	 0.084042	 0.083217
24.570000	 0.084580	 0.083767
24.580000	 0.085109	 0.084308
24.590000	 0.085630	 0.084842
24.600000	 0.086142	 0.085366
24.610000	 0.086645	 0.085883
24.620000	 0.087140	 0.086390
24.630000	 0.087627	 0.086889
24.640000	 0.088104	 0.087379
24.650000	 0.088573	 0.087861
24.660000	 0.089032	 0.088334
24.670000	 0.089483	 0.088798
24.680000	 0.089925	 0.089253
24.690000	 0.090358	 0.089699
24.700000	 0.090782	 0.090136
24.710000	 0.091197	 0.090565
24.720000	 0.091602	 0.090984
24.730000	 0.091999	 0.091394
24.740000	 0.092386	 0.091795
24.750000	 0.092764	 0.092187
24.760000	 0.093133	 0.092569
24.770000	 0.093493	 0.092943
24.780000	 0.093843	 0.093307
24.790000	 0.094184	 0.093661
24.800000	 0.094515	 0.094007
24.810000	 0.094837	 0.094343
24.820000	 0.095149	 0.094669
24.830000	 0.095452	 0.094987
24.840000	 0.095746	 0.095294
24.850000	 0.096029	 0.095592
24.860000	 0.096304	 0.095881
24.870000	 0.096568	 0.096160
24.880000	 0.096823	 0.096430
24.890000	 0.097068	 0.096689
24.900000	 0.097304	 0.096939
24.910000	 0.097530	 0.097180
24.920000	 0.097746	 0.097411
24.930000	 0.097952	 0.097632
24.940000	 0.098148	 0.097843
24.950000	 0.098335	 0.098045
24.960000	 0.098512	 0.098236
24.970000	 0.098679	 0.098418
24.980000	 0.098836	 0.098590
24.990000	 0.098983	 0.098753
25.000000	 0.099120	 0.098905
25.010000	 0.099248	 0.099048
25.020000	 0.099365	 0.099180
25.030000	 0.099473	 0.099303
25.040000	 0.099570	 0.099416
25.050000	 0.099658	 0.099519
25.060000	 0.099736	 0.099612
25.070000	 0.099803	 0.099695
25.080000	 0.099861	 0.099768
25.090000	 0.099909	 0.099831
25.100000	 0.099946	 0.099884
25.110000	 0.099974	 0.099927
25.120000	 0.099992	 0.099960
25.130000	 0.100000	 0.099983
