0.000000	 0.500000	 0.500000
0.010000	 0.499975	 0.499976
0.020000	 0.499900	 0.499904
0.030000	 0.499775	 0.499784
0.040000	 0.499600	 0.499616
0.050000	 0.499375	 0.499401
0.060000	 0.499100	 0.499137
0.070000	 0.498776	 0.498826
0.080000	 0.498401	 0.498467
0.090000	 0.497976	 0.498059
0.100000	 0.497502	 0.497605
0.110000	 0.496978	 0.497102
0.120000	 0.496404	 0.496552
0.130000	 0.495781	 0.495954
0.140000	 0.495108	 0.495308
0.150000	 0.494386	 0.494615
0.160000	 0.493614	 0.493875
0.170000	 0.492792	 0.493087
0.180000	 0.491922	 0.492252
0.190000	 0.491002	 0.491369
0.200000	 0.490033	 0.490439
0.210000	 0.489015	 0.489463
0.220000	 0.487949	 0.488439
0.230000	 0.486833	 0.487368
0.240000	 0.485669	 0.486250
0.250000	 0.484456	 0.485086
0.260000	 0.483195	 0.483875
0.270000	 0.481885	 0.482618
0.280000	 0.480528	 0.481314
0.290000	 0.479122	 0.479964
0.300000	 0.477668	 0.478567
0.310000	 0.476167	 0.477125
0.320000	 0.474618	 0.475637
0.330000	 0.473021	 0.474103
0.340000	 0.471377	 0.472523
0.350000	 0.469686	 0.470898
0.360000	 0.467948	 0.469227
0.370000	 0.466164	 0.467511
0.380000	 0.464332	 0.465750
0.390000	 0.462455	 0.463945
0.400000	 0.460530	 0.462094
0.410000	 0.458560	 0.460199
0.420000	 0.456544	 0.458259
0.430000	 0.454483	 0.456275
0.440000	 0.452376	 0.454248
0.450000	 0.450224	 0.452176
0.460000	 0.448026	 0.450060
0.470000	 0.445784	 0.447901
0.480000	 0.443497	 0.445699
0.490000	 0.441166	 0.443454
0.500000	 0.438791	 0.441166
0.510000	 0.436372	 0.438835
0.520000	 0.433910	 0.436461
0.530000	 0.431404	 0.434045
0.540000	 0.428854	 0.431588
0.550000	 0.426262	 0.429088
0.560000	 0.423628	 0.426547
0.570000	 0.420950	 0.423964
0.580000	 0.418231	 0.421340
0.590000	 0.415470	 0.418676
0.600000	 0.412668	 0.415971
0.610000	 0.409824	 0.413225
0.620000	 0.406939	 0.410439
0.630000	 0.404014	 0.407613
0.640000	 0.401048	 0.404748
0.650000	 0.398042	 0.401843
0.660000	 0.394996	 0.398899
0.670000	 0.391911	 0.395916
0.680000	 0.388786	 0.392895
0.690000	 0.385623	 0.389836
0.700000	 0.382421	 0.386738
0.710000	 0.379181	 0.383603
0.720000	 0.375903	 0.380430
0.730000	 0.372587	 0.377220
0.740000	 0.369234	 0.373973
0.750000	 0.365844	 0.370690
0.760000	 0.362418	 0.367371
0.770000	 0.358955	 0.364015
0.780000	 0.355457	 0.360624
0.790000	 0.351923	 0.357198
0.800000	 0.348353	 0.353737
0.810000	 0.344749	 0.350241
0.820000	 0.341111	 0.346711
0.830000	 0.337438	 0.343147
0.840000	 0.333731	 0.339549
0.850000	 0.329992	 0.335918
0.860000	 0.326219	 0.332254
0.870000	 0.322413	 0.328557
0.880000	 0.318576	 0.324828
0.890000	 0.314706	 0.321067
0.900000	 0.310805	 0.317275
0.910000	 0.306873	 0.313451
0.920000	 0.302910	 0.309597
0.930000	 0.298917	 0.305712
0.940000	 0.294894	 0.301797
0.950000	 0.290842	 0.297852
0.960000	 0.286760	 0.293878
0.970000	 0.282650	 0.289875
0.980000	 0.278511	 0.285843
0.990000	 0.274345	 0.281783
1.000000	 0.270151	 0.277696
1.010000	 0.265930	 0.273581
1.020000	 0.261683	 0.269439
1.030000	 0.257409	 0.265270
1.040000	 0.253110	 0.261075
1.050000	 0.248786	 0.256854
1.060000	 0.244436	 0.252608
1.070000	 0.240062	 0.248337
1.080000	 0.235664	 0.244041
1.090000	 0.231243	 0.239721
1.100000	 0.226798	 0.235378
1.110000	 0.222331	 0.231011
1.120000	 0.217841	 0.226621
1.130000	 0.213330	 0.222209
1.140000	 0.208797	 0.217774
1.150000	 0.204244	 0.213318
1.160000	 0.199670	 0.208841
1.170000	 0.195076	 0.204343
1.180000	 0.190462	 0.199825
1.190000	 0.185830	 0.195287
1.200000	 0.181179	 0.190730
1.210000	 0.176510	 0.186153
1.220000	 0.171823	 0.181559
1.230000	 0.167119	 0.176946
1.240000	 0.162398	 0.172315
1.250000	 0.157661	 0.167667
1.260000	 0.152908	 0.163003
1.270000	 0.148140	 0.158323
1.280000	 0.143358	 0.153626
1.290000	 0.138560	 0.148915
1.300000	 0.133749	 0.144188
1.310000	 0.128925	 0.139447
1.320000	 0.124088	 0.134692
1.330000	 0.119238	 0.129924
1.340000	 0.114376	 0.125143
1.350000	 0.109503	 0.120349
1.360000	 0.104619	 0.115544
1.370000	 0.099725	 0.110727
1.380000	 0.094820	 0.105898
1.390000	 0.089906	 0.101060
1.400000	 0.084984	 0.096211
1.410000	 0.080052	 0.091352
1.420000	 0.075113	 0.086485
1.430000	 0.070166	 0.081608
1.440000	 0.065212	 0.076724
1.450000	 0.060251	 0.071832
1.460000	 0.055285	 0.066933
1.470000	 0.050313	 0.062027
1.480000	 0.045336	 0.057115
1.490000	 0.040354	 0.052197
1.500000	 0.035369	 0.047274
1.510000	 0.030379	 0.042346
1.520000	 0.025387	 0.037414
1.530000	 0.020393	 0.032478
1.540000	 0.015396	 0.027539
1.550000	 0.010397	 0.022598
1.560000	 0.005398	 0.017654
1.570000	 0.000398	 0.012708
1.580000	 -0.004602	 0.007761
1.590000	 -0.009601	 0.002813
1.600000	 -0.014600	 -0.002135
1.610000	 -0.019597	 -0.007083
1.620000	 -0.024592	 -0.012030
1.630000	 -0.029585	 -0.016976
1.640000	 -0.034574	 -0.021920
1.650000	 -0.039560	 -0.026863
1.660000	 -0.044543	 -0.031802
1.670000	 -0.049521	 -0.036738
1.680000	 -0.054493	 -0.041671
1.690000	 -0.059461	 -0.046599
1.700000	 -0.064422	 -0.051523
1.710000	 -0.069377	 -0.056441
1.720000	 -0.074325	 -0.061354
1.730000	 -0.079266	 -0.066261
1.740000	 -0.084199	 -0.071161
1.750000	 -0.089123	 -0.076054
1.760000	 -0.094038	 -0.080940
1.770000	 -0.098944	 -0.085817
1.780000	 -0.103841	 -0.090686
1.790000	 -0.108726	 -0.095546
1.800000	 -0.113601	 -0.100396
1.810000	 -0.118465	 -0.105236
1.820000	 -0.123316	 -0.110066
1.830000	 -0.128155	 -0.114885
1.840000	 -0.132982	 -0.119692
1.850000	 -0.137795	 -0.124487
1.860000	 -0.142595	 -0.129270
1.870000	 -0.147380	 -0.134040
1.880000	 -0.152150	 -0.138797
1.890000	 -0.156905	 -0.143539
1.900000	 -0.161645	 -0.148268
1.910000	 -0.166368	 -0.152982
1.920000	 -0.171075	 -0.157680
1.930000	 -0.175764	 -0.162363
1.940000	 -0.180436	 -0.167029
1.950000	 -0.185090	 -0.171679
1.960000	 -0.189726	 -0.176312
1.970000	 -0.194342	 -0.180928
1.980000	 -0.198939	 -0.185525
1.990000	 -0.203517	 -0.190104
2.000000	 -0.208073	 -0.194664
2.010000	 -0.212609	 -0.199205
2.020000	 -0.217124	 -0.203726
2.030000	 -0.221617	 -0.208226
2.040000	 -0.226088	 -0.212706
2.050000	 -0.230536	 -0.217165
2.060000	 -0.234962	 -0.221602
2.070000	 -0.239363	 -0.226018
2.080000	 -0.243741	 -0.230411
2.090000	 -0.248094	 -0.234781
2.100000	 -0.252423	 -0.239128
2.110000	 -0.256726	 -0.243451
2.120000	 -0.261004	 -0.247750
2.130000	 -0.265256	 -0.252024
2.140000	 -0.269481	 -0.256274
2.150000	 -0.273679	 -0.260498
2.160000	 -0.277850	 -0.264697
2.170000	 -0.281993	 -0.268869
2.180000	 -0.286107	 -0.273015
2.190000	 -0.290193	 -0.277134
2.200000	 -0.294251	 -0.281225
2.210000	 -0.298278	 -0.285289
2.220000	 -0.302276	 -0.289324
2.230000	 -0.306244	 -0.293331
2.240000	 -0.310181	 -0.297309
2.250000	 -0.314087	 -0.301258
2.260000	 -0.317961	 -0.305177
2.270000	 -0.321804	 -0.309066
2.280000	 -0.325615	 -0.312925
2.290000	 -0.329393	 -0.316753
2.300000	 -0.333138	 -0.320550
2.310000	 -0.336850	 -0.324315
2.320000	 -0.340528	 -0.328048
2.330000	 -0.344172	 -0.331749
2.340000	 -0.347782	 -0.335418
2.350000	 -0.351357	 -0.339053
2.360000	 -0.354896	 -0.342656
2.370000	 -0.358401	 -0.346225
2.380000	 -0.361869	 -0.349760
2.390000	 -0.365301	 -0.353260
2.400000	 -0.368697	 -0.356726
2.410000	 -0.372056	 -0.360157
2.420000	 -0.375377	 -0.363553
2.430000	 -0.378661	 -0.366913
2.440000	 -0.381908	 -0.370238
2.450000	 -0.385116	 -0.373526
2.460000	 -0.388285	 -0.376778
2.470000	 -0.391416	 -0.379992
2.480000	 -0.394507	 -0.383170
2.490000	 -0.397559	 -0.386311
2.500000	 -0.400572	 -0.389413
2.510000	 -0.403544	 -0.392478
2.520000	 -0.406476	 -0.395505
2.530000	 -0.409367	 -0.398493
2.540000	 -0.412218	 -0.401442
2.550000	 -0.415027	 -0.404352
2.560000	 -0.417794	 -0.407223
2.570000	 -0.420520	 -0.410054
2.580000	 -0.423204	 -0.412846
2.590000	 -0.425845	 -0.415597
2.600000	 -0.428444	 -0.418308
2.610000	 -0.431000	 -0.420978
2.620000	 -0.433513	 -0.423607
2.630000	 -0.435983	 -0.426195
2.640000	 -0.438409	 -0.428742
2.650000	 -0.440791	 -0.431248
2.660000	 -0.443129	 -0.433711
2.670000	 -0.445423	 -0.436133
2.680000	 -0.447672	 -0.438512
2.690000	 -0.449877	 -0.440849
2.700000	 -0.452036	 -0.443143
2.710000	 -0.454150	 -0.445394
2.720000	 -0.456219	 -0.447602
2.730000	 -0.458242	 -0.449767
2.740000	 -0.460220	 -0.451889
2.750000	 -0.462151	 -0.453966
2.760000	 -0.464036	 -0.456000
2.770000	 -0.465875	 -0.457990
2.780000	 -0.467667	 -0.459936
2.790000	 -0.469413	 -0.461837
2.800000	 -0.471111	 -0.463694
2.810000	 -0.472763	 -0.465506
2.820000	 -0.474367	 -0.467273
2.830000	 -0.475923	 -0.468995
2.840000	 -0.477432	 -0.470672
2.850000	 -0.478894	 -0.472303
2.860000	 -0.480307	 -0.473889
2.870000	 -0.481672	 -0.475429
2.880000	 -0.482990	 -0.476924
2.890000	 -0.484259	 -0.478373
2.900000	 -0.485479	 -0.479775
2.910000	 -0.486651	 -0.481132
2.920000	 -0.487774	 -0.482442
2.930000	 -0.488849	 -0.483706
2.940000	 -0.489874	 -0.484923
2.950000	 -0.490851	 -0.486094
2.960000	 -0.491779	 -0.487218
2.970000	 -0.492657	 -0.488295
2.980000	 -0.493486	 -0.489325
2.990000	 -0.494266	 -0.490308
3.000000	 -0.494996	 -0.491245
3.010000	 -0.495677	 -0.492134
3.020000	 -0.496308	 -0.492975
3.030000	 -0.496890	 -0.493770
3.040000	 -0.497422	 -0.494517
3.050000	 -0.497904	 -0.495216
3.060000	 -0.498337	 -0.495868
3.070000	 -0.498719	 -0.496473
3.080000	 -0.499052	 -0.497029
3.090000	 -0.499335	 -0.497539
3.100000	 -0.499568	 -0.498000
3.110000	 -0.499750	 -0.498414
3.120000	 -0.499883	 -0.498779
3.130000	 -0.499966	 -0.499097
3.140000	 -0.499999	 -0.499368
3.150000	 -0.499982	 -0.499590
3.160000	 -0.499915	 -0.499764
3.170000	 -0.499798	 -0.499891
3.180000	 -0.499631	 -0.499969
3.190000	 -0.499414	 -0.500000
3.200000	 -0.499147	 -0.499982
3.210000	 -0.498831	 -0.499917
3.220000	 -0.498464	 -0.499804
3.230000	 -0.498047	 -0.499642
3.240000	 -0.497581	 -0.499433
3.250000	 -0.497065	 -0.499176
3.260000	 -0.496499	 -0.498871
3.270000	 -0.495884	 -0.498519
3.280000	 -0.495218	 -0.498118
3.290000	 -0.494504	 -0.497670
3.300000	 -0.493740	 -0.497174
3.310000	 -0.492926	 -0.496630
3.320000	 -0.492064	 -0.496039
3.330000	 -0.491152	 -0.495400
3.340000	 -0.490191	 -0.494713
3.350000	 -0.489181	 -0.493979
3.360000	 -0.488122	 -0.493198
3.370000	 -0.487014	 -0.492369
3.380000	 -0.485858	 -0.491493
3.390000	 -0.484653	 -0.490570
3.400000	 -0.483399	 -0.489599
3.410000	 -0.482097	 -0.488582
3.420000	 -0.480747	 -0.487518
3.430000	 -0.479349	 -0.486406
3.440000	 -0.477903	 -0.485249
3.450000	 -0.476409	 -0.484044
3.460000	 -0.474868	 -0.482793
3.470000	 -0.473279	 -0.481495
3.480000	 -0.471642	 -0.480152
3.490000	 -0.469959	 -0.478762
3.500000	 -0.468228	 -0.477325
3.510000	 -0.466451	 -0.475843
3.520000	 -0.464627	 -0.474316
3.530000	 -0.462757	 -0.472742
3.540000	 -0.460840	 -0.471123
3.550000	 -0.458877	 -0.469459
3.560000	 -0.456869	 -0.467749
3.570000	 -0.454814	 -0.465994
3.580000	 -0.452714	 -0.464195
3.590000	 -0.450569	 -0.462350
3.600000	 -0.448379	 -0.460461
3.610000	 -0.446144	 -0.458528
3.620000	 -0.443865	 -0.456550
3.630000	 -0.441541	 -0.454528
3.640000	 -0.439173	 -0.452462
3.650000	 -0.436760	 -0.450353
3.660000	 -0.434305	 -0.448200
3.670000	 -0.431806	 -0.446003
3.680000	 -0.429263	 -0.443764
3.690000	 -0.426678	 -0.441482
3.700000	 -0.424050	 -0.439156
3.710000	 -0.421380	 -0.436789
3.720000	 -0.418667	 -0.434379
3.730000	 -0.415913	 -0.431927
3.740000	 -0.413117	 -0.429433
3.750000	 -0.410280	 -0.426897
3.760000	 -0.407401	 -0.424320
3.770000	 -0.404482	 -0.421702
3.780000	 -0.401523	 -0.419043
3.790000	 -0.398523	 -0.416344
3.800000	 -0.395484	 -0.413603
3.810000	 -0.392405	 -0.410823
3.820000	 -0.389287	 -0.408003
3.830000	 -0.386129	 -0.405143
3.840000	 -0.382934	 -0.402243
3.850000	 -0.379700	 -0.399305
3.860000	 -0.376427	 -0.396327
3.870000	 -0.373118	 -0.393311
3.880000	 -0.369771	 -0.390257
3.890000	 -0.366387	 -0.387165
3.900000	 -0.362966	 -0.384034
3.910000	 -0.359509	 -0.380867
3.920000	 -0.356016	 -0.377662
3.930000	 -0.352488	 -0.374420
3.940000	 -0.348924	 -0.371142
3.950000	 -0.345326	 -0.367828
3.960000	 -0.341692	 -0.364477
3.970000	 -0.338025	 -0.361091
3.980000	 -0.334324	 -0.357670
3.990000	 -0.330589	 -0.354213
4.000000	 -0.326822	 -0.350722
4.010000	 -0.323022	 -0.347197
4.020000	 -0.319189	 -0.343637
4.030000	 -0.315324	 -0.340044
4.040000	 -0.311428	 -0.336417
4.050000	 -0.307501	 -0.332758
4.060000	 -0.303543	 -0.329065
4.070000	 -0.299555	 -0.325341
4.080000	 -0.295537	 -0.321584
4.090000	 -0.291489	 -0.317796
4.100000	 -0.287412	 -0.313977
4.110000	 -0.283306	 -0.310127
4.120000	 -0.279172	 -0.306246
4.130000	 -0.275010	 -0.302335
4.140000	 -0.270821	 -0.298394
4.150000	 -0.266604	 -0.294424
4.160000	 -0.262361	 -0.290425
4.170000	 -0.258092	 -0.286397
4.180000	 -0.253797	 -0.282341
4.190000	 -0.249476	 -0.278257
4.200000	 -0.245130	 -0.274146
4.210000	 -0.240760	 -0.270008
4.220000	 -0.236366	 -0.265842
4.230000	 -0.231948	 -0.261651
4.240000	 -0.227507	 -0.257434
4.250000	 -0.223044	 -0.253191
4.260000	 -0.218558	 -0.248923
4.270000	 -0.214050	 -0.244631
4.280000	 -0.209521	 -0.240315
4.290000	 -0.204970	 -0.235974
4.300000	 -0.200400	 -0.231610
4.310000	 -0.195809	 -0.227224
4.320000	 -0.191198	 -0.222814
4.330000	 -0.186569	 -0.218383
4.340000	 -0.181921	 -0.213930
4.350000	 -0.177255	 -0.209456
4.360000	 -0.172570	 -0.204961
4.370000	 -0.167869	 -0.200445
4.380000	 -0.163151	 -0.195910
4.390000	 -0.158417	 -0.191355
4.400000	 -0.153666	 -0.186781
4.410000	 -0.148901	 -0.182189
4.420000	 -0.144120	 -0.177579
4.430000	 -0.139325	 -0.172951
4.440000	 -0.134517	 -0.168305
4.450000	 -0.129694	 -0.163643
4.460000	 -0.124859	 -0.158965
4.470000	 -0.120011	 -0.154270
4.480000	 -0.115151	 -0.149561
4.490000	 -0.110280	 -0.144836
4.500000	 -0.105398	 -0.140097
4.510000	 -0.100505	 -0.135345
4.520000	 -0.095602	 -0.130578
4.530000	 -0.090690	 -0.125799
4.540000	 -0.085768	 -0.121007
4.550000	 -0.080838	 -0.116203
4.560000	 -0.075900	 -0.111387
4.570000	 -0.070954	 -0.106560
4.580000	 -0.066001	 -0.101723
4.590000	 -0.061042	 -0.096876
4.600000	 -0.056076	 -0.092018
4.610000	 -0.051105	 -0.087152
4.620000	 -0.046129	 -0.082277
4.630000	 -0.041148	 -0.077394
4.640000	 -0.036163	 -0.072503
4.650000	 -0.031174	 -0.067604
4.660000	 -0.026183	 -0.062699
4.670000	 -0.021188	 -0.057788
4.680000	 -0.016192	 -0.052871
4.690000	 -0.011194	 -0.047949
4.700000	 -0.006194	 -0.043021
4.710000	 -0.001194	 -0.038090
4.720000	 0.003805	 -0.033155
4.730000	 0.008805	 -0.028216
4.740000	 0.013804	 -0.023275
4.750000	 0.018801	 -0.018331
4.760000	 0.023797	 -0.013385
4.770000	 0.028790	 -0.008439
4.780000	 0.033780	 -0.003491
4.790000	 0.038767	 0.001457
4.800000	 0.043749	 0.006405
4.810000	 0.048728	 0.011353
4.820000	 0.053702	 0.016299
4.830000	 0.058670	 0.021243
4.840000	 0.063632	 0.026186
4.850000	 0.068589	 0.031125
4.860000	 0.073538	 0.036062
4.870000	 0.078480	 0.040995
4.880000	 0.083414	 0.045924
4.890000	 0.088339	 0.050849
4.900000	 0.093256	 0.055768
4.910000	 0.098164	 0.060682
4.920000	 0.103061	 0.065589
4.930000	 0.107949	 0.070490
4.940000	 0.112825	 0.075384
4.950000	 0.117691	 0.080271
4.960000	 0.122544	 0.085150
4.970000	 0.127386	 0.090020
4.980000	 0.132214	 0.094881
4.990000	 0.137029	 0.099732
5.000000	 0.141831	 0.104574
5.010000	 0.146619	 0.109405
5.020000	 0.151391	 0.114225
5.030000	 0.156149	 0.119034
5.040000	 0.160891	 0.123831
5.050000	 0.165617	 0.128616
5.060000	 0.170326	 0.133387
5.070000	 0.175019	 0.138146
5.080000	 0.179694	 0.142891
5.090000	 0.184350	 0.147621
5.100000	 0.188989	 0.152337
5.110000	 0.193608	 0.157037
5.120000	 0.198209	 0.161722
5.130000	 0.202789	 0.166391
5.140000	 0.207349	 0.171043
5.150000	 0.211888	 0.175679
5.160000	 0.216407	 0.180297
5.170000	 0.220903	 0.184896
5.180000	 0.225378	 0.189478
5.190000	 0.229829	 0.194041
5.200000	 0.234258	 0.198584
5.210000	 0.238664	 0.203107
5.220000	 0.243045	 0.207611
5.230000	 0.247403	 0.212094
5.240000	 0.251735	 0.216556
5.250000	 0.256043	 0.220996
5.260000	 0.260325	 0.225414
5.270000	 0.264580	 0.229810
5.280000	 0.268810	 0.234184
5.290000	 0.273012	 0.238534
5.300000	 0.277187	 0.242860
5.310000	 0.281335	 0.247162
5.320000	 0.285454	 0.251440
5.330000	 0.289545	 0.255693
5.340000	 0.293606	 0.259921
5.350000	 0.297639	 0.264123
5.360000	 0.301641	 0.268299
5.370000	 0.305614	 0.272448
5.380000	 0.309556	 0.276571
5.390000	 0.313467	 0.280666
5.400000	 0.317346	 0.284734
5.410000	 0.321194	 0.288773
5.420000	 0.325010	 0.292784
5.430000	 0.328793	 0.296766
5.440000	 0.332544	 0.300719
5.450000	 0.336261	 0.304642
5.460000	 0.339944	 0.308535
5.470000	 0.343594	 0.312398
5.480000	 0.347209	 0.316230
5.490000	 0.350790	 0.320031
5.500000	 0.354335	 0.323801
5.510000	 0.357845	 0.327539
5.520000	 0.361319	 0.331244
5.530000	 0.364757	 0.334917
5.540000	 0.368159	 0.338557
5.550000	 0.371523	 0.342164
5.560000	 0.374851	 0.345738
5.570000	 0.378141	 0.349277
5.580000	 0.381393	 0.352783
5.590000	 0.384607	 0.356253
5.600000	 0.387783	 0.359689
5.610000	 0.390920	 0.363090
5.620000	 0.394018	 0.366455
5.630000	 0.397076	 0.369784
5.640000	 0.400095	 0.373078
5.650000	 0.403073	 0.376334
5.660000	 0.406012	 0.379554
5.670000	 0.408910	 0.382737
5.680000	 0.411766	 0.385883
5.690000	 0.414582	 0.388991
5.700000	 0.417356	 0.392061
5.710000	 0.420089	 0.395093
5.720000	 0.422779	 0.398086
5.730000	 0.425428	 0.401040
5.740000	 0.428033	 0.403956
5.750000	 0.430596	 0.406832
5.760000	 0.433116	 0.409669
5.770000	 0.435593	 0.412466
5.780000	 0.438025	 0.415222
5.790000	 0.440415	 0.417939
5.800000	 0.442760	 0.420615
5.810000	 0.445061	 0.423249
5.820000	 0.447317	 0.425843
5.830000	 0.449529	 0.428396
5.840000	 0.451695	 0.430907
5.850000	 0.453817	 0.433376
5.860000	 0.455893	 0.435804
5.870000	 0.457923	 0.438189
5.880000	 0.459908	 0.440531
5.890000	 0.461847	 0.442831
5.900000	 0.463739	 0.445088
5.910000	 0.465585	 0.447302
5.920000	 0.467385	 0.449473
5.930000	 0.469138	 0.451601
5.940000	 0.470844	 0.453684
5.950000	 0.472503	 0.455724
5.960000	 0.474114	 0.457720
5.970000	 0.475679	 0.459672
5.980000	 0.477195	 0.461579
5.990000	 0.478664	 0.463442
6.000000	 0.480085	 0.465260
6.010000	 0.481458	 0.467033
6.020000	 0.482783	 0.468762
6.030000	 0.484060	 0.470445
6.040000	 0.485288	 0.472082
6.050000	 0.486468	 0.473675
6.060000	 0.487599	 0.475221
6.070000	 0.488681	 0.476722
6.080000	 0.489714	 0.478177
6.090000	 0.490699	 0.479586
6.100000	 0.491634	 0.480949
6.110000	 0.492520	 0.482265
6.120000	 0.493357	 0.483535
6.130000	 0.494145	 0.484759
6.140000	 0.494883	 0.485936
6.150000	 0.495572	 0.487067
6.160000	 0.496211	 0.488150
6.170000	 0.496801	 0.489187
6.180000	 0.497341	 0.490177
6.190000	 0.497831	 0.491119
6.200000	 0.498271	 0.492015
6.210000	 0.498662	 0.492863
6.220000	 0.499002	 0.493664
6.230000	 0.499293	 0.494417
6.240000	 0.499534	 0.495123
6.250000	 0.499725	 0.495782
6.260000	 0.499866	 0.496393
6.270000	 0.499957	 0.496956
6.280000	 0.499997	 0.497472
6.290000	 0.499988	 0.497940
6.300000	 0.499929	 0.498360
6.310000	 0.499820	 0.498732
6.320000	 0.499661	 0.499057
6.330000	 0.499452	 0.499333
6.340000	 0.499193	 0.499562
6.350000	 0.498884	 0.499743
6.360000	 0.498526	 0.499876
6.370000	 0.498117	 0.499961
6.380000	 0.497659	 0.499998
6.390000	 0.497150	 0.499987
6.400000	 0.496592	 0.499929
6.410000	 0.495985	 0.499822
6.420000	 0.495328	 0.499667
6.430000	 0.494621	 0.499465
6.440000	 0.493865	 0.499214
6.450000	 0.493059	 0.498916
6.460000	 0.492204	 0.498570
6.470000	 0.491300	 0.498176
6.480000	 0.490347	 0.497734
6.490000	 0.489345	 0.497245
6.500000	 0.488294	 0.496707
6.510000	 0.487194	 0.496122
6.520000	 0.486045	 0.495490
6.530000	 0.484848	 0.494810
6.540000	 0.483602	 0.494082
6.550000	 0.482308	 0.493308
6.560000	 0.480965	 0.492485
6.570000	 0.479575	 0.491616
6.580000	 0.478136	 0.490699
6.590000	 0.476650	 0.489735
6.600000	 0.475116	 0.488724
6.610000	 0.473535	 0.487666
6.620000	 0.471906	 0.486561
6.630000	 0.470230	 0.485410
6.640000	 0.468507	 0.484212
6.650000	 0.466737	 0.482967
6.660000	 0.464921	 0.481676
6.670000	 0.463058	 0.480338
6.680000	 0.461148	 0.478955
6.690000	 0.459193	 0.477525
6.700000	 0.457192	 0.476049
6.710000	 0.455144	 0.474528
6.720000	 0.453052	 0.472960
6.730000	 0.450914	 0.471348
6.740000	 0.448731	 0.469689
6.750000	 0.446503	 0.467986
6.760000	 0.444231	 0.466237
6.770000	 0.441914	 0.464444
6.780000	 0.439553	 0.462606
6.790000	 0.437148	 0.460723
6.800000	 0.434699	 0.458795
6.810000	 0.432206	 0.456823
6.820000	 0.429671	 0.454808
6.830000	 0.427093	 0.452748
6.840000	 0.424471	 0.450644
6.850000	 0.421808	 0.448497
6.860000	 0.419102	 0.446307
6.870000	 0.416354	 0.444073
6.880000	 0.413565	 0.441797
6.890000	 0.410734	 0.439478
6.900000	 0.407863	 0.437116
6.910000	 0.404950	 0.434712
6.920000	 0.401997	 0.432265
6.930000	 0.399004	 0.429777
6.940000	 0.395971	 0.427247
6.950000	 0.392898	 0.424676
6.960000	 0.389786	 0.422063
6.970000	 0.386635	 0.419410
6.980000	 0.383445	 0.416716
6.990000	 0.380217	 0.413981
7.000000	 0.376951	 0.411206
7.010000	 0.373647	 0.408391
7.020000	 0.370306	 0.405537
7.030000	 0.366928	 0.402643
7.040000	 0.363513	 0.399710
7.050000	 0.360062	 0.396738
7.060000	 0.356575	 0.393727
7.070000	 0.353052	 0.390678
7.080000	 0.349494	 0.387591
7.090000	 0.345901	 0.384466
7.100000	 0.342273	 0.381303
7.110000	 0.338611	 0.378103
7.120000	 0.334916	 0.374867
7.130000	 0.331186	 0.371593
7.140000	 0.327424	 0.368284
7.150000	 0.323629	 0.364938
7.160000	 0.319801	 0.361557
7.170000	 0.315942	 0.358140
7.180000	 0.312051	 0.354689
7.190000	 0.308129	 0.351202
7.200000	 0.304176	 0.347682
7.210000	 0.300192	 0.344127
7.220000	 0.296179	 0.340538
7.230000	 0.292136	 0.336916
7.240000	 0.288063	 0.333261
7.250000	 0.283962	 0.329573
7.260000	 0.279833	 0.325853
7.270000	 0.275675	 0.322101
7.280000	 0.271490	 0.318317
7.290000	 0.267278	 0.314502
7.300000	 0.263039	 0.310656
7.310000	 0.258773	 0.306779
7.320000	 0.254482	 0.302872
7.330000	 0.250166	 0.298936
7.340000	 0.245824	 0.294970
7.350000	 0.241458	 0.290975
7.360000	 0.237068	 0.286951
7.370000	 0.232654	 0.282899
7.380000	 0.228216	 0.278818
7.390000	 0.223756	 0.274711
7.400000	 0.219274	 0.270576
7.410000	 0.214769	 0.266415
7.420000	 0.210243	 0.262227
7.430000	 0.205696	 0.258013
7.440000	 0.201129	 0.253774
7.450000	 0.196541	 0.249510
7.460000	 0.191934	 0.245221
7.470000	 0.187308	 0.240907
7.480000	 0.182662	 0.236570
7.490000	 0.177999	 0.232210
7.500000	 0.173318	 0.227826
7.510000	 0.168619	 0.223420
7.520000	 0.163904	 0.218991
7.530000	 0.159172	 0.214541
7.540000	 0.154424	 0.210070
7.550000	 0.149661	 0.205578
7.560000	 0.144883	 0.201065
7.570000	 0.140090	 0.196533
7.580000	 0.135283	 0.191980
7.590000	 0.130463	 0.187409
7.600000	 0.125630	 0.182819
7.610000	 0.120784	 0.178211
7.620000	 0.115926	 0.173586
7.630000	 0.111057	 0.168943
7.640000	 0.106176	 0.164283
7.650000	 0.101285	 0.159607
7.660000	 0.096384	 0.154914
7.670000	 0.091473	 0.150207
7.680000	 0.086553	 0.145484
7.690000	 0.081624	 0.140748
7.700000	 0.076687	 0.135997
7.710000	 0.071742	 0.131232
7.720000	 0.066791	 0.126454
7.730000	 0.061832	 0.121664
7.740000	 0.056867	 0.116862
7.750000	 0.051897	 0.112048
7.760000	 0.046922	 0.107222
7.770000	 0.041941	 0.102386
7.780000	 0.036957	 0.097540
7.790000	 0.031969	 0.092684
7.800000	 0.026978	 0.087819
7.810000	 0.021984	 0.082945
7.820000	 0.016988	 0.078063
7.830000	 0.011990	 0.073173
7.840000	 0.006991	 0.068276
7.850000	 0.001991	 0.063372
7.860000	 -0.003009	 0.058461
7.870000	 -0.008009	 0.053545
7.880000	 -0.013008	 0.048623
7.890000	 -0.018005	 0.043697
7.900000	 -0.023001	 0.038766
7.910000	 -0.027995	 0.033831
7.920000	 -0.032985	 0.028893
7.930000	 -0.037973	 0.023952
7.940000	 -0.042956	 0.019008
7.950000	 -0.047935	 0.014063
7.960000	 -0.052910	 0.009116
7.970000	 -0.057879	 0.004169
7.980000	 -0.062843	 -0.000779
7.990000	 -0.067800	 -0.005727
8.000000	 -0.072750	 -0.010675
8.010000	 -0.077693	 -0.015621
8.020000	 -0.082628	 -0.020566
8.030000	 -0.087555	 -0.025509
8.040000	 -0.092474	 -0.030449
8.050000	 -0.097383	 -0.035386
8.060000	 -0.102282	 -0.040320
8.070000	 -0.107171	 -0.045249
8.080000	 -0.112049	 -0.050174
8.090000	 -0.116917	 -0.055094
8.100000	 -0.121772	 -0.060009
8.110000	 -0.126615	 -0.064917
8.120000	 -0.131446	 -0.069819
8.130000	 -0.136263	 -0.074714
8.140000	 -0.141067	 -0.079602
8.150000	 -0.145857	 -0.084482
8.160000	 -0.150632	 -0.089353
8.170000	 -0.155392	 -0.094215
8.180000	 -0.160137	 -0.099068
8.190000	 -0.164865	 -0.103911
8.200000	 -0.169577	 -0.108744
8.210000	 -0.174273	 -0.113565
8.220000	 -0.178950	 -0.118376
8.230000	 -0.183610	 -0.123175
8.240000	 -0.188251	 -0.127961
8.250000	 -0.192874	 -0.132734
8.260000	 -0.197477	 -0.137495
8.270000	 -0.202061	 -0.142241
8.280000	 -0.206624	 -0.146974
8.290000	 -0.211167	 -0.151692
8.300000	 -0.215688	 -0.156394
8.310000	 -0.220188	 -0.161082
8.320000	 -0.224666	 -0.165753
8.330000	 -0.229122	 -0.170407
8.340000	 -0.233555	 -0.175045
8.350000	 -0.237964	 -0.179665
8.360000	 -0.242349	 -0.184267
8.370000	 -0.246710	 -0.188851
8.380000	 -0.251047	 -0.193417
8.390000	 -0.255358	 -0.197963
8.400000	 -0.259644	 -0.202489
8.410000	 -0.263904	 -0.206995
8.420000	 -0.268138	 -0.211481
8.430000	 -0.272345	 -0.215946
8.440000	 -0.276524	 -0.220389
8.450000	 -0.280676	 -0.224810
8.460000	 -0.284800	 -0.229209
8.470000	 -0.288895	 -0.233586
8.480000	 -0.292961	 -0.237939
8.490000	 -0.296999	 -0.242269
8.500000	 -0.301006	 -0.246574
8.510000	 -0.304983	 -0.250856
8.520000	 -0.308930	 -0.255112
8.530000	 -0.312846	 -0.259343
8.540000	 -0.316731	 -0.263549
8.550000	 -0.320584	 -0.267729
8.560000	 -0.324405	 -0.271882
8.570000	 -0.328193	 -0.276008
8.580000	 -0.331949	 -0.280107
8.590000	 -0.335671	 -0.284178
8.600000	 -0.339360	 -0.288221
8.610000	 -0.343015	 -0.292236
8.620000	 -0.346636	 -0.296222
8.630000	 -0.350222	 -0.300179
8.640000	 -0.353773	 -0.304107
8.650000	 -0.357288	 -0.308004
8.660000	 -0.360768	 -0.311871
8.670000	 -0.364212	 -0.315707
8.680000	 -0.367619	 -0.319513
8.690000	 -0.370990	 -0.323286
8.700000	 -0.374323	 -0.327029
8.710000	 -0.377619	 -0.330739
8.720000	 -0.380878	 -0.334416
8.730000	 -0.384098	 -0.338061
8.740000	 -0.387280	 -0.341672
8.750000	 -0.390423	 -0.345250
8.760000	 -0.393527	 -0.348794
8.770000	 -0.396592	 -0.352304
8.780000	 -0.399617	 -0.355780
8.790000	 -0.402602	 -0.359221
8.800000	 -0.405547	 -0.362626
8.810000	 -0.408451	 -0.365996
8.820000	 -0.411314	 -0.369330
8.830000	 -0.414136	 -0.372629
8.840000	 -0.416917	 -0.375890
8.850000	 -0.419657	 -0.379115
8.860000	 -0.422354	 -0.382303
8.870000	 -0.425009	 -0.385454
8.880000	 -0.427621	 -0.388567
8.890000	 -0.430191	 -0.391642
8.900000	 -0.432718	 -0.394680
8.910000	 -0.435201	 -0.397678
8.920000	 -0.437641	 -0.400638
8.930000	 -0.440037	 -0.403559
8.940000	 -0.442389	 -0.406441
8.950000	 -0.444697	 -0.409283
8.960000	 -0.446961	 -0.412085
8.970000	 -0.449179	 -0.414847
8.980000	 -0.451353	 -0.417569
8.990000	 -0.453482	 -0.420250
9.000000	 -0.455565	 -0.422891
9.010000	 -0.457603	 -0.425491
9.020000	 -0.459595	 -0.428049
9.030000	 -0.461541	 -0.430566
9.040000	 -0.463441	 -0.433041
9.050000	 -0.465294	 -0.435474
9.060000	 -0.467101	 -0.437864
9.070000	 -0.468862	 -0.440213
9.080000	 -0.470575	 -0.442519
9.090000	 -0.472242	 -0.444782
9.100000	 -0.473861	 -0.447002
9.110000	 -0.475433	 -0.449178
9.120000	 -0.476957	 -0.451312
9.130000	 -0.478433	 -0.453402
9.140000	 -0.479862	 -0.455447
9.150000	 -0.481243	 -0.457449
9.160000	 -0.482575	 -0.459407
9.170000	 -0.483860	 -0.461321
9.180000	 -0.485096	 -0.463190
9.190000	 -0.486283	 -0.465014
9.200000	 -0.487422	 -0.466793
9.210000	 -0.488512	 -0.468528
9.220000	 -0.489553	 -0.470217
9.230000	 -0.490545	 -0.471861
9.240000	 -0.491489	 -0.473459
9.250000	 -0.492383	 -0.475012
9.260000	 -0.493227	 -0.476519
9.270000	 -0.494023	 -0.477980
9.280000	 -0.494769	 -0.479396
9.290000	 -0.495466	 -0.480765
9.300000	 -0.496113	 -0.482088
9.310000	 -0.496710	 -0.483364
9.320000	 -0.497258	 -0.484594
9.330000	 -0.497756	 -0.485778
9.340000	 -0.498204	 -0.486915
9.350000	 -0.498603	 -0.488005
9.360000	 -0.498951	 -0.489048
9.370000	 -0.499250	 -0.490044
9.380000	 -0.499499	 -0.490993
9.390000	 -0.499698	 -0.491895
9.400000	 -0.499847	 -0.492749
9.410000	 -0.499945	 -0.493557
9.420000	 -0.499994	 -0.494317
9.430000	 -0.499993	 -0.495029
9.440000	 -0.499942	 -0.495694
9.450000	 -0.499841	 -0.496312
9.460000	 -0.499690	 -0.496882
9.470000	 -0.499489	 -0.497404
9.480000	 -0.499238	 -0.497878
9.490000	 -0.498937	 -0.498305
9.500000	 -0.498586	 -0.498684
9.510000	 -0.498185	 -0.499015
9.520000	 -0.497735	 -0.499298
9.530000	 -0.497235	 -0.499534
9.540000	 -0.496685	 -0.499721
9.550000	 -0.496085	 -0.499861
9.560000	 -0.495436	 -0.499952
9.570000	 -0.494737	 -0.499996
9.580000	 -0.493989	 -0.499992
9.590000	 -0.493191	 -0.499940
9.600000	 -0.492344	 -0.499840
9.610000	 -0.491448	 -0.499691
9.620000	 -0.490502	 -0.499495
9.630000	 -0.489508	 -0.499252
9.640000	 -0.488464	 -0.498960
9.650000	 -0.487372	 -0.498620
9.660000	 -0.486231	 -0.498233
9.670000	 -0.485042	 -0.497797
9.680000	 -0.483804	 -0.497315
9.690000	 -0.482517	 -0.496784
9.700000	 -0.481182	 -0.496205
9.710000	 -0.479800	 -0.495580
9.720000	 -0.478369	 -0.494906
9.730000	 -0.476890	 -0.494185
9.740000	 -0.475364	 -0.493417
9.750000	 -0.473790	 -0.492601
9.760000	 -0.472169	 -0.491738
9.770000	 -0.470500	 -0.490827
9.780000	 -0.468785	 -0.489870
9.790000	 -0.467022	 -0.488865
9.800000	 -0.465213	 -0.487814
9.810000	 -0.463358	 -0.486716
9.820000	 -0.461456	 -0.485571
9.830000	 -0.459507	 -0.484379
9.840000	 -0.457513	 -0.483140
9.850000	 -0.455474	 -0.481856
9.860000	 -0.453388	 -0.480524
9.870000	 -0.451258	 -0.479147
9.880000	 -0.449082	 -0.477724
9.890000	 -0.446861	 -0.476254
9.900000	 -0.444596	 -0.474739
9.910000	 -0.442286	 -0.473178
9.920000	 -0.439932	 -0.471571
9.930000	 -0.437534	 -0.469919
9.940000	 -0.435092	 -0.468222
9.950000	 -0.432606	 -0.466480
9.960000	 -0.430078	 -0.464692
9.970000	 -0.427506	 -0.462860
9.980000	 -0.424892	 -0.460983
9.990000	 -0.422235	 -0.459062
10.000000	 -0.419536	 -0.457096
10.010000	 -0.416795	 -0.455086
10.020000	 -0.414012	 -0.453033
10.030000	 -0.411188	 -0.450935
10.040000	 -0.408323	 -0.448794
10.050000	 -0.405417	 -0.446610
10.060000	 -0.402470	 -0.444382
10.070000	 -0.399483	 -0.442111
10.080000	 -0.396456	 -0.439798
10.090000	 -0.393390	 -0.437442
10.100000	 -0.390284	 -0.435043
10.110000	 -0.387139	 -0.432603
10.120000	 -0.383956	 -0.430120
10.130000	 -0.380734	 -0.427596
10.140000	 -0.377474	 -0.425031
10.150000	 -0.374176	 -0.422424
10.160000	 -0.370841	 -0.419776
10.170000	 -0.367469	 -0.417087
10.180000	 -0.364060	 -0.414358
10.190000	 -0.360614	 -0.411589
10.200000	 -0.357133	 -0.408779
10.210000	 -0.353616	 -0.405930
10.220000	 -0.350063	 -0.403042
10.230000	 -0.346476	 -0.400114
10.240000	 -0.342853	 -0.397147
10.250000	 -0.339197	 -0.394142
10.260000	 -0.335507	 -0.391098
10.270000	 -0.331783	 -0.388016
10.280000	 -0.328025	 -0.384896
10.290000	 -0.324236	 -0.381739
10.300000	 -0.320413	 -0.378544
10.310000	 -0.316559	 -0.375312
10.320000	 -0.312673	 -0.372044
10.330000	 -0.308755	 -0.368739
10.340000	 -0.304807	 -0.365399
10.350000	 -0.300829	 -0.362022
10.360000	 -0.296820	 -0.358611
10.370000	 -0.292781	 -0.355164
10.380000	 -0.288714	 -0.351682
10.390000	 -0.284617	 -0.348166
10.400000	 -0.280492	 -0.344616
10.410000	 -0.276339	 -0.341032
10.420000	 -0.272158	 -0.337414
10.430000	 -0.267950	 -0.333764
10.440000	 -0.263716	 -0.330080
10.450000	 -0.259455	 -0.326365
10.460000	 -0.255167	 -0.322617
10.470000	 -0.250855	 -0.318837
10.480000	 -0.246517	 -0.315026
10.490000	 -0.242155	 -0.311185
10.500000	 -0.237768	 -0.307312
10.510000	 -0.233358	 -0.303409
10.520000	 -0.228925	 -0.299477
10.530000	 -0.224468	 -0.295515
10.540000	 -0.219989	 -0.291524
10.550000	 -0.215488	 -0.287504
10.560000	 -0.210966	 -0.283455
10.570000	 -0.206422	 -0.279379
10.580000	 -0.201858	 -0.275275
10.590000	 -0.197273	 -0.271144
10.600000	 -0.192669	 -0.266986
10.610000	 -0.188046	 -0.262802
10.620000	 -0.183403	 -0.258592
10.630000	 -0.178743	 -0.254356
10.640000	 -0.174064	 -0.250095
10.650000	 -0.169369	 -0.245810
10.660000	 -0.164656	 -0.241500
10.670000	 -0.159926	 -0.237166
10.680000	 -0.155181	 -0.232808
10.690000	 -0.150420	 -0.228428
10.700000	 -0.145645	 -0.224025
10.710000	 -0.140854	 -0.219599
10.720000	 -0.136050	 -0.215152
10.730000	 -0.131232	 -0.210684
10.740000	 -0.126401	 -0.206194
10.750000	 -0.121557	 -0.201685
10.760000	 -0.116701	 -0.197155
10.770000	 -0.111833	 -0.192605
10.780000	 -0.106954	 -0.188037
10.790000	 -0.102065	 -0.183449
10.800000	 -0.097165	 -0.178844
10.810000	 -0.092255	 -0.174220
10.820000	 -0.087337	 -0.169580
10.830000	 -0.082409	 -0.164922
10.840000	 -0.077474	 -0.160248
10.850000	 -0.072530	 -0.155558
10.860000	 -0.067580	 -0.150853
10.870000	 -0.062622	 -0.146132
10.880000	 -0.057659	 -0.141397
10.890000	 -0.052689	 -0.136648
10.900000	 -0.047714	 -0.131885
10.910000	 -0.042735	 -0.127110
10.920000	 -0.037751	 -0.122321
10.930000	 -0.032764	 -0.117520
10.940000	 -0.027773	 -0.112708
10.950000	 -0.022779	 -0.107884
10.960000	 -0.017783	 -0.103050
10.970000	 -0.012786	 -0.098205
10.980000	 -0.007787	 -0.093350
10.990000	 -0.002787	 -0.088486
11.000000	 0.002213	 -0.083614
11.010000	 0.007213	 -0.078732
11.020000	 0.012212	 -0.073843
11.030000	 0.017209	 -0.068947
11.040000	 0.022206	 -0.064044
11.050000	 0.027199	 -0.059134
11.060000	 0.032191	 -0.054219
11.070000	 0.037179	 -0.049298
11.080000	 0.042163	 -0.044372
11.090000	 0.047143	 -0.039442
11.100000	 0.052118	 -0.034507
11.110000	 0.057088	 -0.029570
11.120000	 0.062052	 -0.024629
11.130000	 0.067011	 -0.019686
11.140000	 0.071962	 -0.014741
11.150000	 0.076906	 -0.009794
11.160000	 0.081843	 -0.004846
11.170000	 0.086771	 0.000102
11.180000	 0.091691	 0.005050
11.190000	 0.096602	 0.009997
11.200000	 0.101502	 0.014944
11.210000	 0.106393	 0.019889
11.220000	 0.111273	 0.024832
11.230000	 0.116142	 0.029772
11.240000	 0.121000	 0.034710
11.250000	 0.125845	 0.039644
11.260000	 0.130677	 0.044574
11.270000	 0.135497	 0.049500
11.280000	 0.140303	 0.054421
11.290000	 0.145095	 0.059336
11.300000	 0.149873	 0.064245
11.310000	 0.154635	 0.069148
11.320000	 0.159382	 0.074044
11.330000	 0.164113	 0.078933
11.340000	 0.168828	 0.083814
11.350000	 0.173526	 0.088686
11.360000	 0.178206	 0.093550
11.370000	 0.182869	 0.098404
11.380000	 0.187513	 0.103248
11.390000	 0.192139	 0.108082
11.400000	 0.196745	 0.112906
11.410000	 0.201332	 0.117718
11.420000	 0.205899	 0.122518
11.430000	 0.210445	 0.127306
11.440000	 0.214970	 0.132081
11.450000	 0.219473	 0.136843
11.460000	 0.223955	 0.141592
11.470000	 0.228414	 0.146326
11.480000	 0.232850	 0.151046
11.490000	 0.237263	 0.155751
11.500000	 0.241652	 0.160440
11.510000	 0.246017	 0.165114
11.520000	 0.250358	 0.169771
11.530000	 0.254673	 0.174411
11.540000	 0.258963	 0.179033
11.550000	 0.263228	 0.183638
11.560000	 0.267465	 0.188225
11.570000	 0.271676	 0.192792
11.580000	 0.275860	 0.197341
11.590000	 0.280017	 0.201870
11.600000	 0.284145	 0.206379
11.610000	 0.288245	 0.210868
11.620000	 0.292316	 0.215335
11.630000	 0.296358	 0.219782
11.640000	 0.300370	 0.224206
11.650000	 0.304352	 0.228608
11.660000	 0.308304	 0.232988
11.670000	 0.312224	 0.237344
11.680000	 0.316114	 0.241677
11.690000	 0.319972	 0.245986
11.700000	 0.323798	 0.250271
11.710000	 0.327592	 0.254531
11.720000	 0.331353	 0.258765
11.730000	 0.335081	 0.262974
11.740000	 0.338775	 0.267158
11.750000	 0.342435	 0.271314
11.760000	 0.346061	 0.275444
11.770000	 0.349653	 0.279547
11.780000	 0.353209	 0.283622
11.790000	 0.356731	 0.287669
11.800000	 0.360216	 0.291688
11.810000	 0.363666	 0.295678
11.820000	 0.367079	 0.299639
11.830000	 0.370455	 0.303570
11.840000	 0.373795	 0.307472
11.850000	 0.377097	 0.311343
11.860000	 0.380361	 0.315184
11.870000	 0.383588	 0.318993
11.880000	 0.386776	 0.322771
11.890000	 0.389925	 0.326518
11.900000	 0.393035	 0.330232
11.910000	 0.396106	 0.333914
11.920000	 0.399138	 0.337563
11.930000	 0.402129	 0.341180
11.940000	 0.405080	 0.344762
11.950000	 0.407991	 0.348311
11.960000	 0.410861	 0.351826
11.970000	 0.413690	 0.355306
11.980000	 0.416477	 0.358751
11.990000	 0.419223	 0.362162
12.000000	 0.421927	 0.365537
12.010000	 0.424589	 0.368876
12.020000	 0.427208	 0.372179
12.030000	 0.429785	 0.375446
12.040000	 0.432318	 0.378676
12.050000	 0.434808	 0.381869
12.060000	 0.437255	 0.385025
12.070000	 0.439658	 0.388143
12.080000	 0.442018	 0.391223
12.090000	 0.444333	 0.394266
12.100000	 0.446603	 0.397270
12.110000	 0.448829	 0.400235
12.120000	 0.451010	 0.403161
12.130000	 0.453146	 0.406048
12.140000	 0.455236	 0.408896
12.150000	 0.457281	 0.411703
12.160000	 0.459281	 0.414471
12.170000	 0.461234	 0.417199
12.180000	 0.463141	 0.419886
12.190000	 0.465002	 0.422532
12.200000	 0.466817	 0.425137
12.210000	 0.468585	 0.427701
12.220000	 0.470306	 0.430223
12.230000	 0.471979	 0.432704
12.240000	 0.473606	 0.435143
12.250000	 0.475185	 0.437539
12.260000	 0.476717	 0.439894
12.270000	 0.478201	 0.442205
12.280000	 0.479638	 0.444474
12.290000	 0.481026	 0.446700
12.300000	 0.482366	 0.448883
12.310000	 0.483658	 0.451022
12.320000	 0.484902	 0.453118
12.330000	 0.486097	 0.455170
12.340000	 0.487244	 0.457178
12.350000	 0.488342	 0.459142
12.360000	 0.489391	 0.461061
12.370000	 0.490391	 0.462936
12.380000	 0.491342	 0.464767
12.390000	 0.492243	 0.466552
12.400000	 0.493096	 0.468293
12.410000	 0.493900	 0.469988
12.420000	 0.494653	 0.471638
12.430000	 0.495358	 0.473243
12.440000	 0.496013	 0.474802
12.450000	 0.496618	 0.476315
12.460000	 0.497174	 0.477783
12.470000	 0.497680	 0.479205
12.480000	 0.498136	 0.480580
12.490000	 0.498543	 0.481909
12.500000	 0.498899	 0.483192
12.510000	 0.499206	 0.484429
12.520000	 0.499463	 0.485619
12.530000	 0.499669	 0.486762
12.540000	 0.499826	 0.487858
12.550000	 0.499933	 0.488908
12.560000	 0.499990	 0.489910
12.570000	 0.499997	 0.490866
12.580000	 0.499954	 0.491774
12.590000	 0.499860	 0.492635
12.600000	 0.499717	 0.493449
12.610000	 0.499524	 0.494216
12.620000	 0.499281	 0.494935
12.630000	 0.498988	 0.495606
12.640000	 0.498645	 0.496230
12.650000	 0.498253	 0.496807
12.660000	 0.497810	 0.497335
12.670000	 0.497318	 0.497816
12.680000	 0.496776	 0.498250
12.690000	 0.496184	 0.498635
12.700000	 0.495542	 0.498973
12.710000	 0.494852	 0.499263
12.720000	 0.494111	 0.499504
12.730000	 0.493321	 0.499699
12.740000	 0.492482	 0.499845
12.750000	 0.491594	 0.499943
12.760000	 0.490656	 0.499993
12.770000	 0.489670	 0.499995
12.780000	 0.488634	 0.499950
12.790000	 0.487549	 0.499856
12.800000	 0.486416	 0.499715
12.810000	 0.485234	 0.499525
12.820000	 0.484004	 0.499288
12.830000	 0.482725	 0.499003
12.840000	 0.481398	 0.498670
12.850000	 0.480023	 0.498289
12.860000	 0.478600	 0.497860
12.870000	 0.477129	 0.497384
12.880000	 0.475610	 0.496859
12.890000	 0.474044	 0.496288
12.900000	 0.472430	 0.495668
12.910000	 0.470769	 0.495001
12.920000	 0.469061	 0.494287
12.930000	 0.467306	 0.493525
12.940000	 0.465504	 0.492715
12.950000	 0.463656	 0.491859
12.960000	 0.461762	 0.490955
12.970000	 0.459821	 0.490004
12.980000	 0.457834	 0.489006
12.990000	 0.455802	 0.487961
13.000000	 0.453723	 0.486869
13.010000	 0.451600	 0.485730
13.020000	 0.449431	 0.484545
13.030000	 0.447218	 0.483313
13.040000	 0.444959	 0.482034
13.050000	 0.442657	 0.480710
13.060000	 0.440309	 0.479339
13.070000	 0.437918	 0.477921
13.080000	 0.435483	 0.476458
13.090000	 0.433005	 0.474949
13.100000	 0.430483	 0.473395
13.110000	 0.427919	 0.471794
13.120000	 0.425311	 0.470148
13.130000	 0.422661	 0.468457
13.140000	 0.419968	 0.466721
13.150000	 0.417234	 0.464940
13.160000	 0.414458	 0.463114
13.170000	 0.411640	 0.461243
13.180000	 0.408782	 0.459328
13.190000	 0.405882	 0.457368
13.200000	 0.402942	 0.455364
13.210000	 0.399962	 0.453317
13.220000	 0.396941	 0.451225
13.230000	 0.393881	 0.449090
13.240000	 0.390781	 0.446911
13.250000	 0.387643	 0.444690
13.260000	 0.384465	 0.442425
13.270000	 0.381250	 0.440117
13.280000	 0.377996	 0.437767
13.290000	 0.374704	 0.435375
13.300000	 0.371375	 0.432940
13.310000	 0.368008	 0.430463
13.320000	 0.364605	 0.427945
13.330000	 0.361165	 0.425385
13.340000	 0.357690	 0.422783
13.350000	 0.354178	 0.420141
13.360000	 0.350631	 0.417458
13.370000	 0.347049	 0.414735
13.380000	 0.343433	 0.411971
13.390000	 0.339782	 0.409167
13.400000	 0.336097	 0.406323
13.410000	 0.332378	 0.403440
13.420000	 0.328626	 0.400517
13.430000	 0.324841	 0.397556
13.440000	 0.321024	 0.394556
13.450000	 0.317175	 0.391517
13.460000	 0.313294	 0.388440
13.470000	 0.309381	 0.385326
13.480000	 0.305438	 0.382173
13.490000	 0.301464	 0.378984
13.500000	 0.297460	 0.375757
13.510000	 0.293427	 0.372494
13.520000	 0.289364	 0.369194
13.530000	 0.285272	 0.365859
13.540000	 0.281151	 0.362487
13.550000	 0.277002	 0.359080
13.560000	 0.272826	 0.355638
13.570000	 0.268622	 0.352161
13.580000	 0.264392	 0.348650
13.590000	 0.260135	 0.345104
13.600000	 0.255852	 0.341525
13.610000	 0.251543	 0.337912
13.620000	 0.247210	 0.334266
13.630000	 0.242851	 0.330587
13.640000	 0.238469	 0.326876
13.650000	 0.234062	 0.323132
13.660000	 0.229632	 0.319357
13.670000	 0.225179	 0.315550
13.680000	 0.220704	 0.311713
13.690000	 0.216206	 0.307845
13.700000	 0.211687	 0.303946
13.710000	 0.207147	 0.300017
13.720000	 0.202586	 0.296059
13.730000	 0.198005	 0.292072
13.740000	 0.193404	 0.288056
13.750000	 0.188783	 0.284012
13.760000	 0.184144	 0.279939
13.770000	 0.179486	 0.275839
13.780000	 0.174811	 0.271712
13.790000	 0.170118	 0.267558
13.800000	 0.165407	 0.263377
13.810000	 0.160681	 0.259170
13.820000	 0.155938	 0.254938
13.830000	 0.151180	 0.250681
13.840000	 0.146406	 0.246398
13.850000	 0.141618	 0.242092
13.860000	 0.136816	 0.237761
13.870000	 0.132000	 0.233407
13.880000	 0.127171	 0.229029
13.890000	 0.122329	 0.224629
13.900000	 0.117475	 0.220207
13.910000	 0.112609	 0.215763
13.920000	 0.107732	 0.211297
13.930000	 0.102844	 0.206811
13.940000	 0.097946	 0.202304
13.950000	 0.093038	 0.197776
13.960000	 0.088121	 0.193230
13.970000	 0.083195	 0.188664
13.980000	 0.078260	 0.184079
13.990000	 0.073318	 0.179476
14.000000	 0.068369	 0.174855
14.010000	 0.063412	 0.170216
14.020000	 0.058450	 0.165561
14.030000	 0.053481	 0.160889
14.040000	 0.048507	 0.156202
14.050000	 0.043528	 0.151498
14.060000	 0.038545	 0.146780
14.070000	 0.033558	 0.142047
14.080000	 0.028568	 0.137300
14.090000	 0.023575	 0.132539
14.100000	 0.018579	 0.127765
14.110000	 0.013582	 0.122978
14.120000	 0.008583	 0.118179
14.130000	 0.003583	 0.113368
14.140000	 -0.001417	 0.108546
14.150000	 -0.006416	 0.103712
14.160000	 -0.011416	 0.098869
14.170000	 -0.016414	 0.094016
14.180000	 -0.021410	 0.089153
14.190000	 -0.026404	 0.084282
14.200000	 -0.031396	 0.079402
14.210000	 -0.036384	 0.074514
14.220000	 -0.041369	 0.069618
14.230000	 -0.046350	 0.064716
14.240000	 -0.051326	 0.059807
14.250000	 -0.056297	 0.054892
14.260000	 -0.061262	 0.049972
14.270000	 -0.066221	 0.045047
14.280000	 -0.071174	 0.040117
14.290000	 -0.076119	 0.035183
14.300000	 -0.081057	 0.030246
14.310000	 -0.085987	 0.025306
14.320000	 -0.090908	 0.020363
14.330000	 -0.095820	 0.015418
14.340000	 -0.100723	 0.010472
14.350000	 -0.105615	 0.005524
14.360000	 -0.110497	 0.000576
14.370000	 -0.115368	 -0.004372
14.380000	 -0.120227	 -0.009319
14.390000	 -0.125074	 -0.014266
14.400000	 -0.129909	 -0.019211
14.410000	 -0.134730	 -0.024155
14.420000	 -0.139539	 -0.029096
14.430000	 -0.144333	 -0.034034
14.440000	 -0.149113	 -0.038968
14.450000	 -0.153878	 -0.043899
14.460000	 -0.158627	 -0.048825
14.470000	 -0.163361	 -0.053747
14.480000	 -0.168078	 -0.058663
14.490000	 -0.172779	 -0.063573
14.500000	 -0.177462	 -0.068477
14.510000	 -0.182128	 -0.073374
14.520000	 -0.186775	 -0.078264
14.530000	 -0.191404	 -0.083146
14.540000	 -0.196013	 -0.088019
14.550000	 -0.200603	 -0.092884
14.560000	 -0.205173	 -0.097739
14.570000	 -0.209722	 -0.102585
14.580000	 -0.214250	 -0.107421
14.590000	 -0.218757	 -0.112246
14.600000	 -0.223242	 -0.117059
14.610000	 -0.227705	 -0.121861
14.620000	 -0.232145	 -0.126651
14.630000	 -0.236562	 -0.131428
14.640000	 -0.240955	 -0.136192
14.650000	 -0.245324	 -0.140942
14.660000	 -0.249668	 -0.145679
14.670000	 -0.253988	 -0.150401
14.680000	 -0.258282	 -0.155107
14.690000	 -0.262550	 -0.159799
14.700000	 -0.266792	 -0.164474
14.710000	 -0.271008	 -0.169134
14.720000	 -0.275196	 -0.173776
14.730000	 -0.279356	 -0.178401
14.740000	 -0.283489	 -0.183008
14.750000	 -0.287594	 -0.187597
14.760000	 -0.291669	 -0.192168
14.770000	 -0.295716	 -0.196719
14.780000	 -0.299733	 -0.201251
14.790000	 -0.303720	 -0.205763
14.800000	 -0.307676	 -0.210254
14.810000	 -0.311602	 -0.214725
14.820000	 -0.315497	 -0.219174
14.830000	 -0.319360	 -0.223601
14.840000	 -0.323191	 -0.228006
14.850000	 -0.326990	 -0.232389
14.860000	 -0.330756	 -0.236749
14.870000	 -0.334489	 -0.241085
14.880000	 -0.338189	 -0.245397
14.890000	 -0.341854	 -0.249685
14.900000	 -0.345486	 -0.253949
14.910000	 -0.349083	 -0.258187
14.920000	 -0.352645	 -0.262399
14.930000	 -0.356172	 -0.266586
14.940000	 -0.359664	 -0.270746
14.950000	 -0.363119	 -0.274880
14.960000	 -0.366538	 -0.278987
14.970000	 -0.369920	 -0.283066
14.980000	 -0.373266	 -0.287117
14.990000	 -0.376574	 -0.291139
15.000000	 -0.379844	 -0.295133
15.010000	 -0.383076	 -0.299098
15.020000	 -0.386270	 -0.303034
15.030000	 -0.389426	 -0.306939
15.040000	 -0.392542	 -0.310814
15.050000	 -0.395620	 -0.314659
15.060000	 -0.398657	 -0.318473
15.070000	 -0.401655	 -0.322256
15.080000	 -0.404613	 -0.326007
15.090000	 -0.407530	 -0.329725
15.100000	 -0.410407	 -0.333412
15.110000	 -0.413242	 -0.337066
15.120000	 -0.416036	 -0.340686
15.130000	 -0.418789	 -0.344273
15.140000	 -0.421499	 -0.347827
15.150000	 -0.424168	 -0.351346
15.160000	 -0.426794	 -0.354831
15.170000	 -0.429377	 -0.358282
15.180000	 -0.431917	 -0.361697
15.190000	 -0.434415	 -0.365076
15.200000	 -0.436868	 -0.368421
15.210000	 -0.439279	 -0.371729
15.220000	 -0.441645	 -0.375000
15.230000	 -0.443967	 -0.378236
15.240000	 -0.446244	 -0.381434
15.250000	 -0.448477	 -0.384595
15.260000	 -0.450666	 -0.387718
15.270000	 -0.452809	 -0.390804
15.280000	 -0.454906	 -0.393851
15.290000	 -0.456959	 -0.396861
15.300000	 -0.458965	 -0.399831
15.310000	 -0.460926	 -0.402763
15.320000	 -0.462841	 -0.405655
15.330000	 -0.464709	 -0.408508
15.340000	 -0.466531	 -0.411321
15.350000	 -0.468306	 -0.414094
15.360000	 -0.470035	 -0.416827
15.370000	 -0.471716	 -0.419520
15.380000	 -0.473350	 -0.422172
15.390000	 -0.474937	 -0.424782
15.400000	 -0.476476	 -0.427352
15.410000	 -0.477968	 -0.429880
15.420000	 -0.479412	 -0.432367
15.430000	 -0.480808	 -0.434811
15.440000	 -0.482156	 -0.437214
15.450000	 -0.483456	 -0.439574
15.460000	 -0.484707	 -0.441891
15.470000	 -0.485910	 -0.444166
15.480000	 -0.487064	 -0.446398
15.490000	 -0.488170	 -0.448586
15.500000	 -0.489227	 -0.450732
15.510000	 -0.490235	 -0.452833
15.520000	 -0.491193	 -0.454891
15.530000	 -0.492103	 -0.456905
15.540000	 -0.492964	 -0.458875
15.550000	 -0.493775	 -0.460801
15.560000	 -0.494537	 -0.462682
15.570000	 -0.495249	 -0.464519
15.580000	 -0.495912	 -0.466310
15.590000	 -0.496525	 -0.468057
15.600000	 -0.497089	 -0.469759
15.610000	 -0.497603	 -0.471415
15.620000	 -0.498067	 -0.473026
15.630000	 -0.498481	 -0.474591
15.640000	 -0.498846	 -0.476111
15.650000	 -0.499160	 -0.477585
15.660000	 -0.499425	 -0.479013
15.670000	 -0.499640	 -0.480394
15.680000	 -0.499805	 -0.481730
15.690000	 -0.499919	 -0.483019
15.700000	 -0.499984	 -0.484262
15.710000	 -0.499999	 -0.485458
15.720000	 -0.499964	 -0.486608
15.730000	 -0.499879	 -0.487711
15.740000	 -0.499743	 -0.488767
15.750000	 -0.499558	 -0.489776
15.760000	 -0.499323	 -0.490738
15.770000	 -0.499038	 -0.491653
15.780000	 -0.498703	 -0.492520
15.790000	 -0.498318	 -0.493340
15.800000	 -0.497884	 -0.494113
15.810000	 -0.497399	 -0.494839
15.820000	 -0.496865	 -0.495517
15.830000	 -0.496281	 -0.496148
15.840000	 -0.495648	 -0.496731
15.850000	 -0.494965	 -0.497266
15.860000	 -0.494232	 -0.497753
15.870000	 -0.493450	 -0.498193
15.880000	 -0.492619	 -0.498585
15.890000	 -0.491739	 -0.498929
15.900000	 -0.490809	 -0.499226
15.910000	 -0.489830	 -0.499474
15.920000	 -0.488802	 -0.499675
15.930000	 -0.487725	 -0.499828
15.940000	 -0.486600	 -0.499932
15.950000	 -0.485426	 -0.499989
15.960000	 -0.484203	 -0.499998
15.970000	 -0.482932	 -0.499959
15.980000	 -0.481613	 -0.499872
15.990000	 -0.480245	 -0.499737
16.000000	 -0.478830	 -0.499554
16.010000	 -0.477366	 -0.499323
16.020000	 -0.475855	 -0.499045
16.030000	 -0.474296	 -0.498718
16.040000	 -0.472690	 -0.498344
16.050000	 -0.471037	 -0.497922
16.060000	 -0.469336	 -0.497452
16.070000	 -0.467589	 -0.496934
16.080000	 -0.465794	 -0.496369
16.090000	 -0.463954	 -0.495756
16.100000	 -0.462066	 -0.495095
16.110000	 -0.460133	 -0.494387
16.120000	 -0.458154	 -0.493632
16.130000	 -0.456128	 -0.492829
16.140000	 -0.454057	 -0.491979
16.150000	 -0.451941	 -0.491082
16.160000	 -0.449780	 -0.490137
16.170000	 -0.447573	 -0.489145
16.180000	 -0.445322	 -0.488107
16.190000	 -0.443026	 -0.487021
16.200000	 -0.440686	 -0.485889
16.210000	 -0.438302	 -0.484710
16.220000	 -0.435874	 -0.483484
16.230000	 -0.433403	 -0.482212
16.240000	 -0.430888	 -0.480894
16.250000	 -0.428330	 -0.479529
16.260000	 -0.425729	 -0.478118
16.270000	 -0.423086	 -0.476661
16.280000	 -0.420400	 -0.475159
16.290000	 -0.417672	 -0.473610
16.300000	 -0.414903	 -0.472016
16.310000	 -0.412092	 -0.470377
16.320000	 -0.409240	 -0.468692
16.330000	 -0.406347	 -0.466962
16.340000	 -0.403413	 -0.465187
16.350000	 -0.400439	 -0.463367
16.360000	 -0.397425	 -0.461502
16.370000	 -0.394371	 -0.459593
16.380000	 -0.391278	 -0.457639
16.390000	 -0.388145	 -0.455642
16.400000	 -0.384974	 -0.453600
16.410000	 -0.381764	 -0.451514
16.420000	 -0.378516	 -0.449385
16.430000	 -0.375231	 -0.447213
16.440000	 -0.371907	 -0.444997
16.450000	 -0.368547	 -0.442738
16.460000	 -0.365150	 -0.440436
16.470000	 -0.361716	 -0.438092
16.480000	 -0.358246	 -0.435705
16.490000	 -0.354740	 -0.433276
16.500000	 -0.351199	 -0.430805
16.510000	 -0.347622	 -0.428292
16.520000	 -0.344011	 -0.425738
16.530000	 -0.340365	 -0.423142
16.540000	 -0.336686	 -0.420506
16.550000	 -0.332972	 -0.417828
16.560000	 -0.329226	 -0.415110
16.570000	 -0.325446	 -0.412352
16.580000	 -0.321634	 -0.409553
16.590000	 -0.317790	 -0.406715
16.600000	 -0.313914	 -0.403837
16.610000	 -0.310007	 -0.400920
16.620000	 -0.306068	 -0.397964
16.630000	 -0.302099	 -0.394969
16.640000	 -0.298100	 -0.391936
16.650000	 -0.294071	 -0.388864
16.660000	 -0.290013	 -0.385755
16.670000	 -0.285925	 -0.382607
16.680000	 -0.281809	 -0.379423
16.690000	 -0.277665	 -0.376201
16.700000	 -0.273493	 -0.372943
16.710000	 -0.269294	 -0.369649
16.720000	 -0.265067	 -0.366318
16.730000	 -0.260815	 -0.362951
16.740000	 -0.256536	 -0.359549
16.750000	 -0.252231	 -0.356112
16.760000	 -0.247902	 -0.352640
16.770000	 -0.243547	 -0.349133
16.780000	 -0.239168	 -0.345592
16.790000	 -0.234766	 -0.342017
16.800000	 -0.230339	 -0.338409
16.810000	 -0.225890	 -0.334767
16.820000	 -0.221418	 -0.331093
16.830000	 -0.216924	 -0.327386
16.840000	 -0.212408	 -0.323647
16.850000	 -0.207871	 -0.319876
16.860000	 -0.203314	 -0.316074
16.870000	 -0.198736	 -0.312240
16.880000	 -0.194138	 -0.308376
16.890000	 -0.189520	 -0.304482
16.900000	 -0.184884	 -0.300557
16.910000	 -0.180229	 -0.296603
16.920000	 -0.175557	 -0.292620
16.930000	 -0.170866	 -0.288608
16.940000	 -0.166159	 -0.284567
16.950000	 -0.161435	 -0.280499
16.960000	 -0.156694	 -0.276402
16.970000	 -0.151939	 -0.272279
16.980000	 -0.147167	 -0.268128
16.990000	 -0.142382	 -0.263951
17.000000	 -0.137582	 -0.259748
17.010000	 -0.132768	 -0.255519
17.020000	 -0.127941	 -0.251265
17.030000	 -0.123101	 -0.246986
17.040000	 -0.118249	 -0.242683
17.050000	 -0.113385	 -0.238356
17.060000	 -0.108509	 -0.234005
17.070000	 -0.103623	 -0.229630
17.080000	 -0.098727	 -0.225233
17.090000	 -0.093820	 -0.220814
17.100000	 -0.088905	 -0.216373
17.110000	 -0.083980	 -0.211910
17.120000	 -0.079047	 -0.207427
17.130000	 -0.074106	 -0.202922
17.140000	 -0.069157	 -0.198398
17.150000	 -0.064202	 -0.193854
17.160000	 -0.059240	 -0.189290
17.170000	 -0.054273	 -0.184708
17.180000	 -0.049300	 -0.180107
17.190000	 -0.044322	 -0.175489
17.200000	 -0.039339	 -0.170853
17.210000	 -0.034353	 -0.166200
17.220000	 -0.029363	 -0.161530
17.230000	 -0.024370	 -0.156845
17.240000	 -0.019375	 -0.152144
17.250000	 -0.014378	 -0.147427
17.260000	 -0.009379	 -0.142696
17.270000	 -0.004380	 -0.137951
17.280000	 0.000620	 -0.133192
17.290000	 0.005620	 -0.128419
17.300000	 0.010619	 -0.123634
17.310000	 0.015618	 -0.118837
17.320000	 0.020614	 -0.114028
17.330000	 0.025609	 -0.109207
17.340000	 0.030601	 -0.104375
17.350000	 0.035590	 -0.099533
17.360000	 0.040576	 -0.094681
17.370000	 0.045557	 -0.089820
17.380000	 0.050534	 -0.084949
17.390000	 0.055506	 -0.080071
17.400000	 0.060472	 -0.075184
17.410000	 0.065432	 -0.070289
17.420000	 0.070386	 -0.065388
17.430000	 0.075332	 -0.060480
17.440000	 0.080271	 -0.055566
17.450000	 0.085202	 -0.050647
17.460000	 0.090125	 -0.045722
17.470000	 0.095038	 -0.040793
17.480000	 0.099942	 -0.035860
17.490000	 0.104836	 -0.030923
17.500000	 0.109720	 -0.025983
17.510000	 0.114593	 -0.021040
17.520000	 0.119454	 -0.016096
17.530000	 0.124303	 -0.011149
17.540000	 0.129140	 -0.006202
17.550000	 0.133963	 -0.001254
17.560000	 0.138774	 0.003694
17.570000	 0.143570	 0.008642
17.580000	 0.148352	 0.013589
17.590000	 0.153120	 0.018534
17.600000	 0.157872	 0.023478
17.610000	 0.162608	 0.028419
17.620000	 0.167328	 0.033357
17.630000	 0.172031	 0.038293
17.640000	 0.176717	 0.043224
17.650000	 0.181386	 0.048151
17.660000	 0.186036	 0.053073
17.670000	 0.190668	 0.057990
17.680000	 0.195280	 0.062901
17.690000	 0.199873	 0.067806
17.700000	 0.204446	 0.072704
17.710000	 0.208999	 0.077594
17.720000	 0.213531	 0.082477
17.730000	 0.218041	 0.087352
17.740000	 0.222530	 0.092218
17.750000	 0.226996	 0.097075
17.760000	 0.231440	 0.101922
17.770000	 0.235860	 0.106759
17.780000	 0.240257	 0.111585
17.790000	 0.244630	 0.116400
17.800000	 0.248978	 0.121204
17.810000	 0.253302	 0.125995
17.820000	 0.257600	 0.130774
17.830000	 0.261872	 0.135540
17.840000	 0.266118	 0.140292
17.850000	 0.270338	 0.145031
17.860000	 0.274531	 0.149755
17.870000	 0.278696	 0.154464
17.880000	 0.282833	 0.159157
17.890000	 0.286942	 0.163835
17.900000	 0.291022	 0.168496
17.910000	 0.295073	 0.173141
17.920000	 0.299095	 0.177768
17.930000	 0.303087	 0.182378
17.940000	 0.307048	 0.186970
17.950000	 0.310979	 0.191543
17.960000	 0.314879	 0.196097
17.970000	 0.318747	 0.200631
17.980000	 0.322583	 0.205146
17.990000	 0.326387	 0.209640
18.000000	 0.330158	 0.214113
18.010000	 0.333897	 0.218566
18.020000	 0.337602	 0.222996
18.030000	 0.341273	 0.227404
18.040000	 0.344910	 0.231790
18.050000	 0.348513	 0.236153
18.060000	 0.352080	 0.240492
18.070000	 0.355613	 0.244808
18.080000	 0.359110	 0.249099
18.090000	 0.362571	 0.253366
18.100000	 0.365996	 0.257608
18.110000	 0.369384	 0.261824
18.120000	 0.372735	 0.266014
18.130000	 0.376049	 0.270178
18.140000	 0.379326	 0.274315
18.150000	 0.382564	 0.278426
18.160000	 0.385764	 0.282508
18.170000	 0.388926	 0.286563
18.180000	 0.392049	 0.290590
18.190000	 0.395132	 0.294588
18.200000	 0.398176	 0.298557
18.210000	 0.401180	 0.302496
18.220000	 0.404145	 0.306406
18.230000	 0.407068	 0.310285
18.240000	 0.409951	 0.314134
18.250000	 0.412793	 0.317953
18.260000	 0.415594	 0.321739
18.270000	 0.418353	 0.325495
18.280000	 0.421070	 0.329218
18.290000	 0.423745	 0.332909
18.300000	 0.426378	 0.336567
18.310000	 0.428968	 0.340192
18.320000	 0.431516	 0.343784
18.330000	 0.434020	 0.347342
18.340000	 0.436481	 0.350866
18.350000	 0.438898	 0.354356
18.360000	 0.441271	 0.357811
18.370000	 0.443600	 0.361231
18.380000	 0.445885	 0.364616
18.390000	 0.448125	 0.367965
18.400000	 0.450320	 0.371278
18.410000	 0.452470	 0.374554
18.420000	 0.454575	 0.377795
18.430000	 0.456635	 0.380998
18.440000	 0.458649	 0.384164
18.450000	 0.460617	 0.387293
18.460000	 0.462539	 0.390383
18.470000	 0.464415	 0.393436
18.480000	 0.466244	 0.396451
18.490000	 0.468027	 0.399426
18.500000	 0.469762	 0.402363
18.510000	 0.471451	 0.405261
18.520000	 0.473093	 0.408120
18.530000	 0.474688	 0.410938
18.540000	 0.476234	 0.413717
18.550000	 0.477734	 0.416455
18.560000	 0.479185	 0.419153
18.570000	 0.480589	 0.421811
18.580000	 0.481945	 0.424427
18.590000	 0.483252	 0.427003
18.600000	 0.484511	 0.429536
18.610000	 0.485722	 0.432029
18.620000	 0.486884	 0.434479
18.630000	 0.487997	 0.436887
18.640000	 0.489062	 0.439253
18.650000	 0.490077	 0.441576
18.660000	 0.491044	 0.443857
18.670000	 0.491962	 0.446095
18.680000	 0.492830	 0.448289
18.690000	 0.493649	 0.450440
18.700000	 0.494419	 0.452548
18.710000	 0.495139	 0.454612
18.720000	 0.495810	 0.456632
18.730000	 0.496431	 0.458608
18.740000	 0.497002	 0.460540
18.750000	 0.497524	 0.462427
18.760000	 0.497996	 0.464270
18.770000	 0.498419	 0.466067
18.780000	 0.498791	 0.467820
18.790000	 0.499114	 0.469528
18.800000	 0.499386	 0.471191
18.810000	 0.499609	 0.472808
18.820000	 0.499782	 0.474380
18.830000	 0.499904	 0.475905
18.840000	 0.499977	 0.477386
18.850000	 0.500000	 0.478820
18.860000	 0.499973	 0.480208
18.870000	 0.499896	 0.481550
18.880000	 0.499768	 0.482845
18.890000	 0.499591	 0.484095
18.900000	 0.499364	 0.485297
18.910000	 0.499087	 0.486453
18.920000	 0.498760	 0.487562
18.930000	 0.498383	 0.488625
18.940000	 0.497956	 0.489640
18.950000	 0.497480	 0.490609
18.960000	 0.496954	 0.491530
18.970000	 0.496378	 0.492404
18.980000	 0.495752	 0.493231
18.990000	 0.495077	 0.494010
19.000000	 0.494352	 0.494742
19.010000	 0.493578	 0.495427
19.020000	 0.492755	 0.496064
19.030000	 0.491882	 0.496654
19.040000	 0.490960	 0.497195
19.050000	 0.489989	 0.497689
19.060000	 0.488969	 0.498136
19.070000	 0.487900	 0.498534
19.080000	 0.486783	 0.498885
19.090000	 0.485616	 0.499188
19.100000	 0.484401	 0.499443
19.110000	 0.483138	 0.499650
19.120000	 0.481826	 0.499809
19.130000	 0.480466	 0.499921
19.140000	 0.479058	 0.499984
19.150000	 0.477603	 0.500000
19.160000	 0.476099	 0.499967
19.170000	 0.474548	 0.499887
19.180000	 0.472949	 0.499758
19.190000	 0.471303	 0.499582
19.200000	 0.469610	 0.499358
19.210000	 0.467870	 0.499086
19.220000	 0.466083	 0.498766
19.230000	 0.464250	 0.498398
19.240000	 0.462370	 0.497982
19.250000	 0.460444	 0.497519
19.260000	 0.458472	 0.497008
19.270000	 0.456454	 0.496449
19.280000	 0.454390	 0.495843
19.290000	 0.452281	 0.495189
19.300000	 0.450127	 0.494487
19.310000	 0.447928	 0.493738
19.320000	 0.445684	 0.492942
19.330000	 0.443395	 0.492098
19.340000	 0.441062	 0.491207
19.350000	 0.438685	 0.490269
19.360000	 0.436264	 0.489284
19.370000	 0.433799	 0.488252
19.380000	 0.431291	 0.487173
19.390000	 0.428740	 0.486047
19.400000	 0.426146	 0.484874
19.410000	 0.423510	 0.483655
19.420000	 0.420831	 0.482389
19.430000	 0.418110	 0.481077
19.440000	 0.415347	 0.479719
19.450000	 0.412542	 0.478314
19.460000	 0.409697	 0.476864
19.470000	 0.406810	 0.475367
19.480000	 0.403883	 0.473825
19.490000	 0.400915	 0.472237
19.500000	 0.397907	 0.470604
19.510000	 0.394860	 0.468925
19.520000	 0.391773	 0.467201
19.530000	 0.388647	 0.465432
19.540000	 0.385482	 0.463619
19.550000	 0.382278	 0.461760
19.560000	 0.379036	 0.459857
19.570000	 0.375756	 0.457910
19.580000	 0.372439	 0.455918
19.590000	 0.369085	 0.453882
19.600000	 0.365693	 0.451803
19.610000	 0.362265	 0.449679
19.620000	 0.358801	 0.447513
19.630000	 0.355301	 0.445303
19.640000	 0.351765	 0.443050
19.650000	 0.348194	 0.440754
19.660000	 0.344588	 0.438415
19.670000	 0.340948	 0.436034
19.680000	 0.337274	 0.433611
19.690000	 0.333566	 0.431146
19.700000	 0.329825	 0.428639
19.710000	 0.326050	 0.426090
19.720000	 0.322244	 0.423500
19.730000	 0.318404	 0.420869
19.740000	 0.314533	 0.418197
19.750000	 0.310631	 0.415485
19.760000	 0.306698	 0.412732
19.770000	 0.302733	 0.409939
19.780000	 0.298739	 0.407106
19.790000	 0.294715	 0.404234
19.800000	 0.290661	 0.401322
19.810000	 0.286578	 0.398371
19.820000	 0.282467	 0.395382
19.830000	 0.278327	 0.392354
19.840000	 0.274159	 0.389287
19.850000	 0.269964	 0.386183
19.860000	 0.265742	 0.383041
19.870000	 0.261494	 0.379861
19.880000	 0.257219	 0.376645
19.890000	 0.252919	 0.373392
19.900000	 0.248593	 0.370102
19.910000	 0.244242	 0.366776
19.920000	 0.239867	 0.363415
19.930000	 0.235468	 0.360017
19.940000	 0.231046	 0.356585
19.950000	 0.226600	 0.353117
19.960000	 0.222132	 0.349615
19.970000	 0.217641	 0.346079
19.980000	 0.213129	 0.342509
19.990000	 0.208595	 0.338905
20.000000	 0.204041	 0.335268
20.010000	 0.199466	 0.331598
20.020000	 0.194871	 0.327896
20.030000	 0.190257	 0.324161
20.040000	 0.185624	 0.320395
20.050000	 0.180972	 0.316597
20.060000	 0.176302	 0.312767
20.070000	 0.171614	 0.308907
20.080000	 0.166910	 0.305017
20.090000	 0.162188	 0.301097
20.100000	 0.157450	 0.297147
20.110000	 0.152697	 0.293168
20.120000	 0.147928	 0.289159
20.130000	 0.143145	 0.285123
20.140000	 0.138347	 0.281058
20.150000	 0.133535	 0.276965
20.160000	 0.128710	 0.272845
20.170000	 0.123873	 0.268698
20.180000	 0.119022	 0.264525
20.190000	 0.114160	 0.260326
20.200000	 0.109287	 0.256100
20.210000	 0.104402	 0.251850
20.220000	 0.099507	 0.247574
20.230000	 0.094602	 0.243274
20.240000	 0.089688	 0.238950
20.250000	 0.084765	 0.234602
20.260000	 0.079833	 0.230231
20.270000	 0.074893	 0.225837
20.280000	 0.069946	 0.221421
20.290000	 0.064992	 0.216983
20.300000	 0.060031	 0.212523
20.310000	 0.055064	 0.208042
20.320000	 0.050092	 0.203541
20.330000	 0.045115	 0.199019
20.340000	 0.040133	 0.194477
20.350000	 0.035147	 0.189917
20.360000	 0.030158	 0.185337
20.370000	 0.025165	 0.180739
20.380000	 0.020171	 0.176123
20.390000	 0.015174	 0.171489
20.400000	 0.010175	 0.166838
20.410000	 0.005176	 0.162171
20.420000	 0.000176	 0.157488
20.430000	 -0.004824	 0.152789
20.440000	 -0.009823	 0.148074
20.450000	 -0.014822	 0.143345
20.460000	 -0.019819	 0.138602
20.470000	 -0.024814	 0.133845
20.480000	 -0.029806	 0.129074
20.490000	 -0.034796	 0.124291
20.500000	 -0.039782	 0.119495
20.510000	 -0.044764	 0.114687
20.520000	 -0.049741	 0.109868
20.530000	 -0.054714	 0.105038
20.540000	 -0.059681	 0.100197
20.550000	 -0.064642	 0.095347
20.560000	 -0.069597	 0.090486
20.570000	 -0.074545	 0.085617
20.580000	 -0.079485	 0.080739
20.590000	 -0.084418	 0.075854
20.600000	 -0.089342	 0.070960
20.610000	 -0.094256	 0.066060
20.620000	 -0.099162	 0.061153
20.630000	 -0.104058	 0.056240
20.640000	 -0.108943	 0.051321
20.650000	 -0.113817	 0.046397
20.660000	 -0.118680	 0.041468
20.670000	 -0.123531	 0.036536
20.680000	 -0.128370	 0.031599
20.690000	 -0.133196	 0.026660
20.700000	 -0.138009	 0.021718
20.710000	 -0.142807	 0.016773
20.720000	 -0.147592	 0.011827
20.730000	 -0.152362	 0.006880
20.740000	 -0.157116	 0.001932
20.750000	 -0.161855	 -0.003016
20.760000	 -0.166577	 -0.007964
20.770000	 -0.171283	 -0.012911
20.780000	 -0.175972	 -0.017857
20.790000	 -0.180643	 -0.022801
20.800000	 -0.185297	 -0.027742
20.810000	 -0.189931	 -0.032681
20.820000	 -0.194547	 -0.037617
20.830000	 -0.199143	 -0.042548
20.840000	 -0.203719	 -0.047476
20.850000	 -0.208275	 -0.052399
20.860000	 -0.212810	 -0.057317
20.870000	 -0.217324	 -0.062228
20.880000	 -0.221816	 -0.067134
20.890000	 -0.226286	 -0.072033
20.900000	 -0.230733	 -0.076925
20.910000	 -0.235158	 -0.081809
20.920000	 -0.239558	 -0.086685
20.930000	 -0.243935	 -0.091552
20.940000	 -0.248287	 -0.096410
20.950000	 -0.252615	 -0.101259
20.960000	 -0.256917	 -0.106097
20.970000	 -0.261193	 -0.110925
20.980000	 -0.265444	 -0.115741
20.990000	 -0.269668	 -0.120547
21.000000	 -0.273865	 -0.125340
21.010000	 -0.278034	 -0.130120
21.020000	 -0.282176	 -0.134888
21.030000	 -0.286289	 -0.139642
21.040000	 -0.290374	 -0.144382
21.050000	 -0.294430	 -0.149108
21.060000	 -0.298456	 -0.153819
21.070000	 -0.302453	 -0.158515
21.080000	 -0.306419	 -0.163195
21.090000	 -0.310355	 -0.167859
21.100000	 -0.314260	 -0.172506
21.110000	 -0.318133	 -0.177135
21.120000	 -0.321974	 -0.181748
21.130000	 -0.325783	 -0.186342
21.140000	 -0.329560	 -0.190917
21.150000	 -0.333304	 -0.195474
21.160000	 -0.337014	 -0.200011
21.170000	 -0.340690	 -0.204529
21.180000	 -0.344333	 -0.209026
21.190000	 -0.347941	 -0.213502
21.200000	 -0.351514	 -0.217957
21.210000	 -0.355053	 -0.222390
21.220000	 -0.358555	 -0.226802
21.230000	 -0.362022	 -0.231191
21.240000	 -0.365453	 -0.235557
21.250000	 -0.368847	 -0.239899
21.260000	 -0.372204	 -0.244218
21.270000	 -0.375524	 -0.248513
21.280000	 -0.378806	 -0.252783
21.290000	 -0.382051	 -0.257028
21.300000	 -0.385257	 -0.261248
21.310000	 -0.388425	 -0.265442
21.320000	 -0.391554	 -0.269609
21.330000	 -0.394644	 -0.273750
21.340000	 -0.397694	 -0.277864
21.350000	 -0.400705	 -0.281951
21.360000	 -0.403675	 -0.286009
21.370000	 -0.406605	 -0.290040
21.380000	 -0.409495	 -0.294042
21.390000	 -0.412343	 -0.298015
21.400000	 -0.415151	 -0.301958
21.410000	 -0.417916	 -0.305872
21.420000	 -0.420640	 -0.309756
21.430000	 -0.423322	 -0.313609
21.440000	 -0.425962	 -0.317431
21.450000	 -0.428559	 -0.321222
21.460000	 -0.431113	 -0.324982
21.470000	 -0.433624	 -0.328710
21.480000	 -0.436092	 -0.332405
21.490000	 -0.438516	 -0.336068
21.500000	 -0.440896	 -0.339698
21.510000	 -0.443232	 -0.343294
21.520000	 -0.445524	 -0.346857
21.530000	 -0.447771	 -0.350386
21.540000	 -0.449973	 -0.353880
21.550000	 -0.452131	 -0.357340
21.560000	 -0.454243	 -0.360765
21.570000	 -0.456310	 -0.364154
21.580000	 -0.458331	 -0.367508
21.590000	 -0.460307	 -0.370826
21.600000	 -0.462236	 -0.374108
21.610000	 -0.464119	 -0.377353
21.620000	 -0.465956	 -0.380561
21.630000	 -0.467746	 -0.383732
21.640000	 -0.469489	 -0.386866
21.650000	 -0.471186	 -0.389962
21.660000	 -0.472835	 -0.393020
21.670000	 -0.474437	 -0.396040
21.680000	 -0.475991	 -0.399021
21.690000	 -0.477498	 -0.401963
21.700000	 -0.478957	 -0.404867
21.710000	 -0.480369	 -0.407730
21.720000	 -0.481732	 -0.410554
21.730000	 -0.483047	 -0.413339
21.740000	 -0.484314	 -0.416083
21.750000	 -0.485532	 -0.418786
21.760000	 -0.486702	 -0.421449
21.770000	 -0.487823	 -0.424071
21.780000	 -0.488895	 -0.426652
21.790000	 -0.489919	 -0.429192
21.800000	 -0.490893	 -0.431690
21.810000	 -0.491819	 -0.434146
21.820000	 -0.492695	 -0.436560
21.830000	 -0.493522	 -0.438931
21.840000	 -0.494299	 -0.441261
21.850000	 -0.495028	 -0.443547
21.860000	 -0.495706	 -0.445791
21.870000	 -0.496335	 -0.447991
21.880000	 -0.496915	 -0.450148
21.890000	 -0.497444	 -0.452262
21.900000	 -0.497924	 -0.454332
21.910000	 -0.498355	 -0.456358
21.920000	 -0.498735	 -0.458340
21.930000	 -0.499066	 -0.460278
21.940000	 -0.499346	 -0.462171
21.950000	 -0.499577	 -0.464020
21.960000	 -0.499757	 -0.465824
21.970000	 -0.499888	 -0.467583
21.980000	 -0.499969	 -0.469297
21.990000	 -0.500000	 -0.470966
22.000000	 -0.499980	 -0.472589
22.010000	 -0.499911	 -0.474167
22.020000	 -0.499792	 -0.475699
22.030000	 -0.499623	 -0.477186
22.040000	 -0.499404	 -0.478626
22.050000	 -0.499134	 -0.480021
22.060000	 -0.498815	 -0.481369
22.070000	 -0.498446	 -0.482671
22.080000	 -0.498028	 -0.483926
22.090000	 -0.497559	 -0.485135
22.100000	 -0.497041	 -0.486298
22.110000	 -0.496473	 -0.487413
22.120000	 -0.495855	 -0.488482
22.130000	 -0.495188	 -0.489504
22.140000	 -0.494471	 -0.490479
22.150000	 -0.493705	 -0.491407
22.160000	 -0.492889	 -0.492287
22.170000	 -0.492024	 -0.493121
22.180000	 -0.491110	 -0.493907
22.190000	 -0.490147	 -0.494645
22.200000	 -0.489135	 -0.495336
22.210000	 -0.488074	 -0.495980
22.220000	 -0.486964	 -0.496576
22.230000	 -0.485805	 -0.497124
22.240000	 -0.484598	 -0.497625
22.250000	 -0.483342	 -0.498078
22.260000	 -0.482038	 -0.498483
22.270000	 -0.480686	 -0.498840
22.280000	 -0.479286	 -0.499149
22.290000	 -0.477838	 -0.499411
22.300000	 -0.476342	 -0.499625
22.310000	 -0.474798	 -0.499791
22.320000	 -0.473207	 -0.499908
22.330000	 -0.471569	 -0.499978
22.340000	 -0.469883	 -0.500000
22.350000	 -0.468150	 -0.499974
22.360000	 -0.466371	 -0.499901
22.370000	 -0.464545	 -0.499779
22.380000	 -0.462673	 -0.499609
22.390000	 -0.460754	 -0.499391
22.400000	 -0.458789	 -0.499126
22.410000	 -0.456778	 -0.498812
22.420000	 -0.454722	 -0.498451
22.430000	 -0.452620	 -0.498042
22.440000	 -0.450473	 -0.497585
22.450000	 -0.448281	 -0.497081
22.460000	 -0.446044	 -0.496529
22.470000	 -0.443762	 -0.495929
22.480000	 -0.441436	 -0.495281
22.490000	 -0.439066	 -0.494586
22.500000	 -0.436652	 -0.493844
22.510000	 -0.434195	 -0.493054
22.520000	 -0.431694	 -0.492217
22.530000	 -0.429149	 -0.491332
22.540000	 -0.426562	 -0.490401
22.550000	 -0.423932	 -0.489422
22.560000	 -0.421260	 -0.488396
22.570000	 -0.418546	 -0.487324
22.580000	 -0.415790	 -0.486204
22.590000	 -0.412992	 -0.485038
22.600000	 -0.410153	 -0.483825
22.610000	 -0.407273	 -0.482566
22.620000	 -0.404352	 -0.481260
22.630000	 -0.401391	 -0.479908
22.640000	 -0.398389	 -0.478510
22.650000	 -0.395348	 -0.477065
22.660000	 -0.392267	 -0.475575
22.670000	 -0.389147	 -0.474039
22.680000	 -0.385988	 -0.472458
22.690000	 -0.382791	 -0.470830
22.700000	 -0.379555	 -0.469158
22.710000	 -0.376281	 -0.467440
22.720000	 -0.372970	 -0.465678
22.730000	 -0.369621	 -0.463870
22.740000	 -0.366236	 -0.462017
22.750000	 -0.362813	 -0.460120
22.760000	 -0.359355	 -0.458179
22.770000	 -0.355860	 -0.456193
22.780000	 -0.352330	 -0.454164
22.790000	 -0.348765	 -0.452090
22.800000	 -0.345165	 -0.449973
22.810000	 -0.341530	 -0.447812
22.820000	 -0.337861	 -0.445608
22.830000	 -0.334159	 -0.443361
22.840000	 -0.330423	 -0.441071
22.850000	 -0.326654	 -0.438738
22.860000	 -0.322852	 -0.436363
22.870000	 -0.319018	 -0.433946
22.880000	 -0.315152	 -0.431486
22.890000	 -0.311255	 -0.428985
22.900000	 -0.307326	 -0.426442
22.910000	 -0.303367	 -0.423858
22.920000	 -0.299377	 -0.421232
22.930000	 -0.295358	 -0.418566
22.940000	 -0.291308	 -0.415859
22.950000	 -0.287230	 -0.413112
22.960000	 -0.283123	 -0.410324
22.970000	 -0.278988	 -0.407497
22.980000	 -0.274825	 -0.404630
22.990000	 -0.270634	 -0.401723
23.000000	 -0.266417	 -0.398778
23.010000	 -0.262172	 -0.395794
23.020000	 -0.257902	 -0.392771
23.030000	 -0.253605	 -0.389710
23.040000	 -0.249284	 -0.386610
23.050000	 -0.244937	 -0.383474
23.060000	 -0.240566	 -0.380299
23.070000	 -0.236171	 -0.377088
23.080000	 -0.231752	 -0.373840
23.090000	 -0.227310	 -0.370555
23.100000	 -0.222845	 -0.367234
23.110000	 -0.218358	 -0.363877
23.120000	 -0.213849	 -0.360485
23.130000	 -0.209319	 -0.357057
23.140000	 -0.204768	 -0.353594
23.150000	 -0.200196	 -0.350097
23.160000	 -0.195604	 -0.346566
23.170000	 -0.190993	 -0.343000
23.180000	 -0.186363	 -0.339401
23.190000	 -0.181714	 -0.335768
23.200000	 -0.177047	 -0.332103
23.210000	 -0.172362	 -0.328405
23.220000	 -0.167660	 -0.324675
23.230000	 -0.162941	 -0.320912
23.240000	 -0.158206	 -0.317119
23.250000	 -0.153455	 -0.313294
23.260000	 -0.148689	 -0.309438
23.270000	 -0.143908	 -0.305552
23.280000	 -0.139112	 -0.301636
23.290000	 -0.134303	 -0.297690
23.300000	 -0.129480	 -0.293714
23.310000	 -0.124644	 -0.289710
23.320000	 -0.119796	 -0.285677
23.330000	 -0.114935	 -0.281616
23.340000	 -0.110064	 -0.277528
23.350000	 -0.105181	 -0.273411
23.360000	 -0.100288	 -0.269268
23.370000	 -0.095384	 -0.265098
23.380000	 -0.090471	 -0.260902
23.390000	 -0.085549	 -0.256681
23.400000	 -0.080619	 -0.252433
23.410000	 -0.075680	 -0.248161
23.420000	 -0.070734	 -0.243865
23.430000	 -0.065781	 -0.239544
23.440000	 -0.060821	 -0.235199
23.450000	 -0.055856	 -0.230831
23.460000	 -0.050884	 -0.226440
23.470000	 -0.045908	 -0.222027
23.480000	 -0.040927	 -0.217592
23.490000	 -0.035941	 -0.213135
23.500000	 -0.030953	 -0.208657
23.510000	 -0.025961	 -0.204159
23.520000	 -0.020966	 -0.199640
23.530000	 -0.015970	 -0.195101
23.540000	 -0.010972	 -0.190543
23.550000	 -0.005972	 -0.185965
23.560000	 -0.000972	 -0.181370
23.570000	 0.004028	 -0.176756
23.580000	 0.009027	 -0.172125
23.590000	 0.014026	 -0.167477
23.600000	 0.019023	 -0.162811
23.610000	 0.024018	 -0.158130
23.620000	 0.029011	 -0.153433
23.630000	 0.034001	 -0.148721
23.640000	 0.038988	 -0.143994
23.650000	 0.043971	 -0.139252
23.660000	 0.048949	 -0.134497
23.670000	 0.053922	 -0.129728
23.680000	 0.058891	 -0.124947
23.690000	 0.063853	 -0.120153
23.700000	 0.068808	 -0.115346
23.710000	 0.073757	 -0.110529
23.720000	 0.078699	 -0.105700
23.730000	 0.083633	 -0.100861
23.740000	 0.088558	 -0.096012
23.750000	 0.093474	 -0.091153
23.760000	 0.098381	 -0.086285
23.770000	 0.103279	 -0.081408
23.780000	 0.108166	 -0.076524
23.790000	 0.113042	 -0.071631
23.800000	 0.117907	 -0.066732
23.810000	 0.122760	 -0.061825
23.820000	 0.127600	 -0.056913
23.830000	 0.132428	 -0.051995
23.840000	 0.137243	 -0.047072
23.850000	 0.142044	 -0.042144
23.860000	 0.146831	 -0.037212
23.870000	 0.151603	 -0.032276
23.880000	 0.156360	 -0.027337
23.890000	 0.161101	 -0.022395
23.900000	 0.165826	 -0.017451
23.910000	 0.170535	 -0.012505
23.920000	 0.175227	 -0.007558
23.930000	 0.179901	 -0.002610
23.940000	 0.184557	 0.002338
23.950000	 0.189194	 0.007286
23.960000	 0.193813	 0.012233
23.970000	 0.198412	 0.017179
23.980000	 0.202992	 0.022123
23.990000	 0.207551	 0.027065
24.000000	 0.212090	 0.032005
24.010000	 0.216607	 0.036941
24.020000	 0.221102	 0.041873
24.030000	 0.225576	 0.046801
24.040000	 0.230027	 0.051725
24.050000	 0.234454	 0.056643
24.060000	 0.238859	 0.061556
24.070000	 0.243239	 0.066462
24.080000	 0.247596	 0.071362
24.090000	 0.251927	 0.076255
24.100000	 0.256233	 0.081140
24.110000	 0.260514	 0.086017
24.120000	 0.264769	 0.090886
24.130000	 0.268997	 0.095745
24.140000	 0.273198	 0.100595
24.150000	 0.277372	 0.105435
24.160000	 0.281518	 0.110264
24.170000	 0.285636	 0.115082
24.180000	 0.289726	 0.119889
24.190000	 0.293786	 0.124684
24.200000	 0.297817	 0.129466
24.210000	 0.301818	 0.134236
24.220000	 0.305790	 0.138992
24.230000	 0.309730	 0.143734
24.240000	 0.313640	 0.148462
24.250000	 0.317518	 0.153175
24.260000	 0.321364	 0.157873
24.270000	 0.325179	 0.162555
24.280000	 0.328961	 0.167221
24.290000	 0.332710	 0.171870
24.300000	 0.336425	 0.176502
24.310000	 0.340107	 0.181117
24.320000	 0.343755	 0.185714
24.330000	 0.347369	 0.190292
24.340000	 0.350948	 0.194851
24.350000	 0.354492	 0.199391
24.360000	 0.358000	 0.203911
24.370000	 0.361472	 0.208411
24.380000	 0.364909	 0.212890
24.390000	 0.368309	 0.217348
24.400000	 0.371672	 0.221784
24.410000	 0.374998	 0.226199
24.420000	 0.378286	 0.230591
24.430000	 0.381537	 0.234960
24.440000	 0.384749	 0.239306
24.450000	 0.387923	 0.243628
24.460000	 0.391058	 0.247926
24.470000	 0.394154	 0.252200
24.480000	 0.397211	 0.256448
24.490000	 0.400228	 0.260671
24.500000	 0.403205	 0.264869
24.510000	 0.406141	 0.269040
24.520000	 0.409037	 0.273185
24.530000	 0.411892	 0.277302
24.540000	 0.414706	 0.281393
24.550000	 0.417479	 0.285455
24.560000	 0.420209	 0.289489
24.570000	 0.422898	 0.293495
24.580000	 0.425544	 0.297472
24.590000	 0.428148	 0.301420
24.600000	 0.430709	 0.305338
24.610000	 0.433227	 0.309226
24.620000	 0.435702	 0.313083
24.630000	 0.438133	 0.316910
24.640000	 0.440520	 0.320705
24.650000	 0.442863	 0.324469
24.660000	 0.445162	 0.328201
24.670000	 0.447416	 0.331901
24.680000	 0.449626	 0.335568
24.690000	 0.451790	 0.339202
24.700000	 0.453910	 0.342803
24.710000	 0.455984	 0.346371
24.720000	 0.458012	 0.349904
24.730000	 0.459995	 0.353403
24.740000	 0.461932	 0.356868
24.750000	 0.463822	 0.360297
24.760000	 0.465666	 0.363692
24.770000	 0.467464	 0.367051
24.780000	 0.469215	 0.370374
24.790000	 0.470918	 0.373660
24.800000	 0.472575	 0.376911
24.810000	 0.474185	 0.380124
24.820000	 0.475747	 0.383300
24.830000	 0.477261	 0.386439
24.840000	 0.478728	 0.389540
24.850000	 0.480147	 0.392604
24.860000	 0.481518	 0.395629
24.870000	 0.482841	 0.398615
24.880000	 0.484115	 0.401563
24.890000	 0.485341	 0.404471
24.900000	 0.486519	 0.407340
24.910000	 0.487648	 0.410170
24.920000	 0.488728	 0.412960
24.930000	 0.489759	 0.415709
24.940000	 0.490741	 0.418418
24.950000	 0.491675	 0.421087
24.960000	 0.492559	 0.423715
24.970000	 0.493393	 0.426301
24.980000	 0.494179	 0.428846
24.990000	 0.494915	 0.431350
25.000000	 0.495601	 0.433812
25.010000	 0.496238	 0.436232
25.020000	 0.496826	 0.438609
25.030000	 0.497363	 0.440944
25.040000	 0.497851	 0.443236
25.050000	 0.498289	 0.445486
25.060000	 0.498678	 0.447692
25.070000	 0.499016	 0.449855
25.080000	 0.499305	 0.451975
25.090000	 0.499543	 0.454051
25.100000	 0.499732	 0.456083
25.110000	 0.499871	 0.458071
25.120000	 0.499959	 0.460015
25.130000	 0.499998	 0.461914
