0.000000	 1.000000	 1.000000
0.010000	 0.999950	 0.999958
0.020000	 0.999800	 0.999832
0.030000	 0.999550	 0.999621
0.040000	 0.999200	 0.999327
0.050000	 0.998750	 0.998948
0.060000	 0.998201	 0.998486
0.070000	 0.997551	 0.997939
0.080000	 0.996802	 0.997308
0.090000	 0.995953	 0.996593
0.100000	 0.995004	 0.995795
0.110000	 0.993956	 0.994912
0.120000	 0.992809	 0.993945
0.130000	 0.991562	 0.992895
0.140000	 0.990216	 0.991761
0.150000	 0.988771	 0.990543
0.160000	 0.987227	 0.989242
0.170000	 0.985585	 0.987857
0.180000	 0.983844	 0.986388
0.190000	 0.982004	 0.984836
0.200000	 0.980067	 0.983201
0.210000	 0.978031	 0.981482
0.220000	 0.975897	 0.979681
0.230000	 0.973666	 0.977796
0.240000	 0.971338	 0.975829
0.250000	 0.968912	 0.973778
0.260000	 0.966390	 0.971645
0.270000	 0.963771	 0.969430
0.280000	 0.961055	 0.967132
0.290000	 0.958244	 0.964751
0.300000	 0.955336	 0.962288
0.310000	 0.952334	 0.959744
0.320000	 0.949235	 0.957117
0.330000	 0.946042	 0.954409
0.340000	 0.942755	 0.951619
0.350000	 0.939373	 0.948748
0.360000	 0.935897	 0.945795
0.370000	 0.932327	 0.942761
0.380000	 0.928665	 0.939647
0.390000	 0.924909	 0.936451
0.400000	 0.921061	 0.933175
0.410000	 0.917121	 0.929819
0.420000	 0.913089	 0.926383
0.430000	 0.908966	 0.922866
0.440000	 0.904752	 0.919270
0.450000	 0.900447	 0.915594
0.460000	 0.896052	 0.911840
0.470000	 0.891568	 0.908006
0.480000	 0.886995	 0.904093
0.490000	 0.882333	 0.900101
0.500000	 0.877583	 0.896032
0.510000	 0.872745	 0.891884
0.520000	 0.867819	 0.887658
0.530000	 0.862807	 0.883355
0.540000	 0.857709	 0.878974
0.550000	 0.852525	 0.874517
0.560000	 0.847255	 0.869983
0.570000	 0.841901	 0.865372
0.580000	 0.836463	 0.860685
0.590000	 0.830941	 0.855923
0.600000	 0.825336	 0.851084
0.610000	 0.819648	 0.846171
0.620000	 0.813878	 0.841183
0.630000	 0.808028	 0.836120
0.640000	 0.802096	 0.830983
0.650000	 0.796084	 0.825772
0.660000	 0.789992	 0.820488
0.670000	 0.783822	 0.815130
0.680000	 0.777573	 0.809700
0.690000	 0.771246	 0.804198
0.700000	 0.764842	 0.798623
0.710000	 0.758362	 0.792976
0.720000	 0.751806	 0.787259
0.730000	 0.745174	 0.781470
0.740000	 0.738469	 0.775612
0.750000	 0.731689	 0.769683
0.760000	 0.724836	 0.763684
0.770000	 0.717911	 0.757617
0.780000	 0.710914	 0.751480
0.790000	 0.703845	 0.745276
0.800000	 0.696707	 0.739003
0.810000	 0.689498	 0.732663
0.820000	 0.682221	 0.726257
0.830000	 0.674876	 0.719784
0.840000	 0.667463	 0.713245
0.850000	 0.659983	 0.706640
0.860000	 0.652437	 0.699971
0.870000	 0.644827	 0.693237
0.880000	 0.637151	 0.686439
0.890000	 0.629412	 0.679578
0.900000	 0.621610	 0.672654
0.910000	 0.613746	 0.665668
0.920000	 0.605820	 0.658620
0.930000	 0.597834	 0.651511
0.940000	 0.589788	 0.644341
0.950000	 0.581683	 0.637111
0.960000	 0.573520	 0.629822
0.970000	 0.565300	 0.622474
0.980000	 0.557023	 0.615067
0.990000	 0.548690	 0.607603
1.000000	 0.540302	 0.600081
1.010000	 0.531861	 0.592503
1.020000	 0.523366	 0.584870
1.030000	 0.514819	 0.577181
1.040000	 0.506220	 0.569437
1.050000	 0.497571	 0.561640
1.060000	 0.488872	 0.553789
1.070000	 0.480124	 0.545886
1.080000	 0.471328	 0.537931
1.090000	 0.462485	 0.529925
1.100000	 0.453596	 0.521868
1.110000	 0.444662	 0.513761
1.120000	 0.435682	 0.505605
1.130000	 0.426660	 0.497401
1.140000	 0.417595	 0.489148
1.150000	 0.408487	 0.480849
1.160000	 0.399340	 0.472504
1.170000	 0.390152	 0.464113
1.180000	 0.380925	 0.455678
1.190000	 0.371660	 0.447198
1.200000	 0.362358	 0.438675
1.210000	 0.353019	 0.430110
1.220000	 0.343646	 0.421503
1.230000	 0.334238	 0.412855
1.240000	 0.324796	 0.404167
1.250000	 0.315322	 0.395439
1.260000	 0.305817	 0.386674
1.270000	 0.296281	 0.377870
1.280000	 0.286715	 0.369029
1.290000	 0.277121	 0.360153
1.300000	 0.267499	 0.351241
1.310000	 0.257850	 0.342295
1.320000	 0.248175	 0.333315
1.330000	 0.238476	 0.324302
1.340000	 0.228753	 0.315258
1.350000	 0.219007	 0.306183
1.360000	 0.209239	 0.297077
1.370000	 0.199450	 0.287942
1.380000	 0.189641	 0.278779
1.390000	 0.179813	 0.269588
1.400000	 0.169967	 0.260371
1.410000	 0.160104	 0.251128
1.420000	 0.150225	 0.241860
1.430000	 0.140332	 0.232568
1.440000	 0.130424	 0.223253
1.450000	 0.120503	 0.213916
1.460000	 0.110570	 0.204558
1.470000	 0.100626	 0.195179
1.480000	 0.090672	 0.185781
1.490000	 0.080708	 0.176365
1.500000	 0.070737	 0.166931
1.510000	 0.060759	 0.157480
1.520000	 0.050774	 0.148014
1.530000	 0.040785	 0.138532
1.540000	 0.030791	 0.129038
1.550000	 0.020795	 0.119530
1.560000	 0.010796	 0.110010
1.570000	 0.000796	 0.100479
1.580000	 -0.009204	 0.090939
1.590000	 -0.019202	 0.081389
1.600000	 -0.029200	 0.071831
1.610000	 -0.039194	 0.062266
1.620000	 -0.049184	 0.052695
1.630000	 -0.059169	 0.043118
1.640000	 -0.069148	 0.033537
1.650000	 -0.079121	 0.023953
1.660000	 -0.089085	 0.014366
1.670000	 -0.099041	 0.004778
1.680000	 -0.108987	 -0.004810
1.690000	 -0.118922	 -0.014398
1.700000	 -0.128844	 -0.023985
1.710000	 -0.138755	 -0.033569
1.720000	 -0.148651	 -0.043150
1.730000	 -0.158532	 -0.052727
1.740000	 -0.168397	 -0.062298
1.750000	 -0.178246	 -0.071863
1.760000	 -0.188077	 -0.081421
1.770000	 -0.197889	 -0.090971
1.780000	 -0.207681	 -0.100511
1.790000	 -0.217452	 -0.110042
1.800000	 -0.227202	 -0.119562
1.810000	 -0.236929	 -0.129069
1.820000	 -0.246632	 -0.138564
1.830000	 -0.256311	 -0.148045
1.840000	 -0.265964	 -0.157512
1.850000	 -0.275590	 -0.166962
1.860000	 -0.285189	 -0.176396
1.870000	 -0.294759	 -0.185813
1.880000	 -0.304300	 -0.195211
1.890000	 -0.313811	 -0.204589
1.900000	 -0.323290	 -0.213947
1.910000	 -0.332736	 -0.223284
1.920000	 -0.342150	 -0.232599
1.930000	 -0.351529	 -0.241891
1.940000	 -0.360873	 -0.251159
1.950000	 -0.370181	 -0.260402
1.960000	 -0.379452	 -0.269619
1.970000	 -0.388685	 -0.278810
1.980000	 -0.397879	 -0.287973
1.990000	 -0.407033	 -0.297108
2.000000	 -0.416147	 -0.306213
2.010000	 -0.425219	 -0.315288
2.020000	 -0.434248	 -0.324333
2.030000	 -0.443234	 -0.333345
2.040000	 -0.452176	 -0.342325
2.050000	 -0.461073	 -0.351271
2.060000	 -0.469923	 -0.360183
2.070000	 -0.478727	 -0.369059
2.080000	 -0.487482	 -0.377899
2.090000	 -0.496189	 -0.386703
2.100000	 -0.504846	 -0.395469
2.110000	 -0.513453	 -0.404196
2.120000	 -0.522008	 -0.412884
2.130000	 -0.530511	 -0.421532
2.140000	 -0.538961	 -0.430139
2.150000	 -0.547358	 -0.438704
2.160000	 -0.555699	 -0.447226
2.170000	 -0.563985	 -0.455706
2.180000	 -0.572215	 -0.464141
2.190000	 -0.580387	 -0.472532
2.200000	 -0.588501	 -0.480877
2.210000	 -0.596557	 -0.489176
2.220000	 -0.604552	 -0.497428
2.230000	 -0.612488	 -0.505632
2.240000	 -0.620362	 -0.513788
2.250000	 -0.628174	 -0.521895
2.260000	 -0.635923	 -0.529951
2.270000	 -0.643608	 -0.537958
2.280000	 -0.651230	 -0.545913
2.290000	 -0.658786	 -0.553816
2.300000	 -0.666276	 -0.561666
2.310000	 -0.673700	 -0.569463
2.320000	 -0.681056	 -0.577207
2.330000	 -0.688344	 -0.584895
2.340000	 -0.695563	 -0.592529
2.350000	 -0.702713	 -0.600107
2.360000	 -0.709793	 -0.607628
2.370000	 -0.716801	 -0.615092
2.380000	 -0.723738	 -0.622498
2.390000	 -0.730602	 -0.629846
2.400000	 -0.737394	 -0.637136
2.410000	 -0.744111	 -0.644365
2.420000	 -0.750755	 -0.651535
2.430000	 -0.757323	 -0.658644
2.440000	 -0.763815	 -0.665692
2.450000	 -0.770231	 -0.672678
2.460000	 -0.776570	 -0.679601
2.470000	 -0.782832	 -0.686462
2.480000	 -0.789015	 -0.693260
2.490000	 -0.795119	 -0.699993
2.500000	 -0.801144	 -0.706662
2.510000	 -0.807088	 -0.713267
2.520000	 -0.812952	 -0.719805
2.530000	 -0.818735	 -0.726278
2.540000	 -0.824435	 -0.732685
2.550000	 -0.830054	 -0.739024
2.560000	 -0.835589	 -0.745297
2.570000	 -0.841040	 -0.751501
2.580000	 -0.846408	 -0.757637
2.590000	 -0.851691	 -0.763704
2.600000	 -0.856889	 -0.769703
2.610000	 -0.862001	 -0.775631
2.620000	 -0.867027	 -0.781490
2.630000	 -0.871966	 -0.787278
2.640000	 -0.876818	 -0.792996
2.650000	 -0.881582	 -0.798642
2.660000	 -0.886258	 -0.804216
2.670000	 -0.890846	 -0.809719
2.680000	 -0.895344	 -0.815149
2.690000	 -0.899753	 -0.820506
2.700000	 -0.904072	 -0.825790
2.710000	 -0.908301	 -0.831000
2.720000	 -0.912438	 -0.836137
2.730000	 -0.916485	 -0.841200
2.740000	 -0.920440	 -0.846188
2.750000	 -0.924302	 -0.851101
2.760000	 -0.928073	 -0.855939
2.770000	 -0.931750	 -0.860701
2.780000	 -0.935335	 -0.865388
2.790000	 -0.938825	 -0.869998
2.800000	 -0.942222	 -0.874532
2.810000	 -0.945525	 -0.878989
2.820000	 -0.948733	 -0.883369
2.830000	 -0.951847	 -0.887672
2.840000	 -0.954865	 -0.891898
2.850000	 -0.957787	 -0.896045
2.860000	 -0.960614	 -0.900115
2.870000	 -0.963345	 -0.904106
2.880000	 -0.965979	 -0.908019
2.890000	 -0.968517	 -0.911852
2.900000	 -0.970958	 -0.915607
2.910000	 -0.973302	 -0.919282
2.920000	 -0.975549	 -0.922878
2.930000	 -0.977698	 -0.926394
2.940000	 -0.979749	 -0.929830
2.950000	 -0.981702	 -0.933186
2.960000	 -0.983557	 -0.936462
2.970000	 -0.985314	 -0.939657
2.980000	 -0.986972	 -0.942772
2.990000	 -0.988532	 -0.945805
3.000000	 -0.989992	 -0.948757
3.010000	 -0.991354	 -0.951629
3.020000	 -0.992617	 -0.954418
3.030000	 -0.993780	 -0.957126
3.040000	 -0.994844	 -0.959753
3.050000	 -0.995808	 -0.962297
3.060000	 -0.996673	 -0.964759
3.070000	 -0.997438	 -0.967139
3.080000	 -0.998104	 -0.969437
3.090000	 -0.998669	 -0.971653
3.100000	 -0.999135	 -0.973785
3.110000	 -0.999501	 -0.975835
3.120000	 -0.999767	 -0.977803
3.130000	 -0.999933	 -0.979687
3.140000	 -0.999999	 -0.981488
3.150000	 -0.999965	 -0.983207
3.160000	 -0.999831	 -0.984842
3.170000	 -0.999597	 -0.986393
3.180000	 -0.999263	 -0.987861
3.190000	 -0.998829	 -0.989246
3.200000	 -0.998295	 -0.990547
3.210000	 -0.997661	 -0.991765
3.220000	 -0.996928	 -0.992899
3.230000	 -0.996095	 -0.993949
3.240000	 -0.995162	 -0.994915
3.250000	 -0.994130	 -0.995797
3.260000	 -0.992998	 -0.996596
3.270000	 -0.991767	 -0.997310
3.280000	 -0.990437	 -0.997941
3.290000	 -0.989008	 -0.998487
3.300000	 -0.987480	 -0.998950
3.310000	 -0.985853	 -0.999328
3.320000	 -0.984128	 -0.999622
3.330000	 -0.982304	 -0.999832
3.340000	 -0.980382	 -0.999958
3.350000	 -0.978362	 -1.000000
3.360000	 -0.976244	 -0.999958
3.370000	 -0.974028	 -0.999831
3.380000	 -0.971715	 -0.999621
3.390000	 -0.969305	 -0.999326
3.400000	 -0.966798	 -0.998947
3.410000	 -0.964194	 -0.998484
3.420000	 -0.961494	 -0.997937
3.430000	 -0.958698	 -0.997306
3.440000	 -0.955806	 -0.996591
3.450000	 -0.952818	 -0.995792
3.460000	 -0.949735	 -0.994909
3.470000	 -0.946557	 -0.993942
3.480000	 -0.943285	 -0.992891
3.490000	 -0.939918	 -0.991757
3.500000	 -0.936457	 -0.990539
3.510000	 -0.932902	 -0.989237
3.520000	 -0.929254	 -0.987852
3.530000	 -0.925513	 -0.986383
3.540000	 -0.921680	 -0.984831
3.550000	 -0.917755	 -0.983195
3.560000	 -0.913737	 -0.981477
3.570000	 -0.909629	 -0.979675
3.580000	 -0.905429	 -0.977790
3.590000	 -0.901139	 -0.975822
3.600000	 -0.896758	 -0.973771
3.610000	 -0.892288	 -0.971638
3.620000	 -0.887729	 -0.969422
3.630000	 -0.883081	 -0.967124
3.640000	 -0.878345	 -0.964743
3.650000	 -0.873521	 -0.962280
3.660000	 -0.868609	 -0.959735
3.670000	 -0.863611	 -0.957108
3.680000	 -0.858526	 -0.954400
3.690000	 -0.853356	 -0.951610
3.700000	 -0.848100	 -0.948738
3.710000	 -0.842759	 -0.945785
3.720000	 -0.837334	 -0.942751
3.730000	 -0.831826	 -0.939636
3.740000	 -0.826234	 -0.936440
3.750000	 -0.820559	 -0.933164
3.760000	 -0.814803	 -0.929808
3.770000	 -0.808965	 -0.926371
3.780000	 -0.803046	 -0.922854
3.790000	 -0.797047	 -0.919258
3.800000	 -0.790968	 -0.915582
3.810000	 -0.784810	 -0.911827
3.820000	 -0.778573	 -0.907993
3.830000	 -0.772259	 -0.904080
3.840000	 -0.765867	 -0.900088
3.850000	 -0.759399	 -0.896018
3.860000	 -0.752855	 -0.891870
3.870000	 -0.746236	 -0.887644
3.880000	 -0.739542	 -0.883340
3.890000	 -0.732774	 -0.878960
3.900000	 -0.725932	 -0.874502
3.910000	 -0.719018	 -0.869967
3.920000	 -0.712033	 -0.865357
3.930000	 -0.704976	 -0.860669
3.940000	 -0.697848	 -0.855907
3.950000	 -0.690651	 -0.851068
3.960000	 -0.683385	 -0.846155
3.970000	 -0.676050	 -0.841166
3.980000	 -0.668648	 -0.836103
3.990000	 -0.661179	 -0.830966
4.000000	 -0.653644	 -0.825755
4.010000	 -0.646043	 -0.820470
4.020000	 -0.638378	 -0.815113
4.030000	 -0.630649	 -0.809682
4.040000	 -0.622857	 -0.804179
4.050000	 -0.615002	 -0.798604
4.060000	 -0.607087	 -0.792958
4.070000	 -0.599110	 -0.787240
4.080000	 -0.591073	 -0.781451
4.090000	 -0.582978	 -0.775592
4.100000	 -0.574824	 -0.769663
4.110000	 -0.566613	 -0.763664
4.120000	 -0.558345	 -0.757596
4.130000	 -0.550021	 -0.751460
4.140000	 -0.541642	 -0.745255
4.150000	 -0.533209	 -0.738982
4.160000	 -0.524722	 -0.732642
4.170000	 -0.516184	 -0.726235
4.180000	 -0.507593	 -0.719762
4.190000	 -0.498952	 -0.713223
4.200000	 -0.490261	 -0.706618
4.210000	 -0.481521	 -0.699949
4.220000	 -0.472732	 -0.693215
4.230000	 -0.463897	 -0.686417
4.240000	 -0.455015	 -0.679555
4.250000	 -0.446087	 -0.672631
4.260000	 -0.437115	 -0.665645
4.270000	 -0.428100	 -0.658597
4.280000	 -0.419041	 -0.651487
4.290000	 -0.409941	 -0.644317
4.300000	 -0.400799	 -0.637087
4.310000	 -0.391618	 -0.629797
4.320000	 -0.382397	 -0.622449
4.330000	 -0.373138	 -0.615042
4.340000	 -0.363842	 -0.607578
4.350000	 -0.354509	 -0.600056
4.360000	 -0.345141	 -0.592478
4.370000	 -0.335738	 -0.584844
4.380000	 -0.326302	 -0.577155
4.390000	 -0.316833	 -0.569412
4.400000	 -0.307333	 -0.561614
4.410000	 -0.297802	 -0.553763
4.420000	 -0.288241	 -0.545860
4.430000	 -0.278651	 -0.537904
4.440000	 -0.269033	 -0.529898
4.450000	 -0.259389	 -0.521841
4.460000	 -0.249718	 -0.513734
4.470000	 -0.240022	 -0.505578
4.480000	 -0.230303	 -0.497373
4.490000	 -0.220560	 -0.489121
4.500000	 -0.210796	 -0.480822
4.510000	 -0.201010	 -0.472476
4.520000	 -0.191204	 -0.464085
4.530000	 -0.181379	 -0.455649
4.540000	 -0.171536	 -0.447170
4.550000	 -0.161676	 -0.438647
4.560000	 -0.151800	 -0.430081
4.570000	 -0.141908	 -0.421474
4.580000	 -0.132003	 -0.412826
4.590000	 -0.122084	 -0.404138
4.600000	 -0.112153	 -0.395410
4.610000	 -0.102210	 -0.386644
4.620000	 -0.092258	 -0.377840
4.630000	 -0.082296	 -0.369000
4.640000	 -0.072326	 -0.360123
4.650000	 -0.062349	 -0.351211
4.660000	 -0.052365	 -0.342265
4.670000	 -0.042376	 -0.333285
4.680000	 -0.032383	 -0.324272
4.690000	 -0.022387	 -0.315228
4.700000	 -0.012389	 -0.306152
4.710000	 -0.002389	 -0.297047
4.720000	 0.007611	 -0.287912
4.730000	 0.017610	 -0.278748
4.740000	 0.027608	 -0.269558
4.750000	 0.037602	 -0.260340
4.760000	 0.047593	 -0.251097
4.770000	 0.057579	 -0.241829
4.780000	 0.067560	 -0.232537
4.790000	 0.077533	 -0.223222
4.800000	 0.087499	 -0.213885
4.810000	 0.097456	 -0.204526
4.820000	 0.107403	 -0.195148
4.830000	 0.117340	 -0.185750
4.840000	 0.127265	 -0.176333
4.850000	 0.137177	 -0.166899
4.860000	 0.147076	 -0.157448
4.870000	 0.156959	 -0.147982
4.880000	 0.166827	 -0.138501
4.890000	 0.176679	 -0.129006
4.900000	 0.186512	 -0.119498
4.910000	 0.196327	 -0.109978
4.920000	 0.206123	 -0.100448
4.930000	 0.215898	 -0.090907
4.940000	 0.225651	 -0.081357
4.950000	 0.235381	 -0.071799
4.960000	 0.245089	 -0.062234
4.970000	 0.254771	 -0.052663
4.980000	 0.264428	 -0.043086
4.990000	 0.274059	 -0.033505
5.000000	 0.283662	 -0.023921
5.010000	 0.293237	 -0.014334
5.020000	 0.302783	 -0.004746
5.030000	 0.312298	 0.004842
5.040000	 0.321782	 0.014430
5.050000	 0.331234	 0.024017
5.060000	 0.340653	 0.033601
5.070000	 0.350037	 0.043182
5.080000	 0.359387	 0.052759
5.090000	 0.368701	 0.062330
5.100000	 0.377978	 0.071895
5.110000	 0.387217	 0.081453
5.120000	 0.396417	 0.091003
5.130000	 0.405578	 0.100543
5.140000	 0.414698	 0.110074
5.150000	 0.423777	 0.119593
5.160000	 0.432813	 0.129101
5.170000	 0.441806	 0.138596
5.180000	 0.450755	 0.148077
5.190000	 0.459659	 0.157543
5.200000	 0.468517	 0.166994
5.210000	 0.477328	 0.176428
5.220000	 0.486091	 0.185844
5.230000	 0.494806	 0.195242
5.240000	 0.503471	 0.204620
5.250000	 0.512085	 0.213979
5.260000	 0.520649	 0.223316
5.270000	 0.529161	 0.232630
5.280000	 0.537619	 0.241922
5.290000	 0.546024	 0.251190
5.300000	 0.554374	 0.260433
5.310000	 0.562669	 0.269650
5.320000	 0.570908	 0.278841
5.330000	 0.579089	 0.288004
5.340000	 0.587213	 0.297138
5.350000	 0.595278	 0.306243
5.360000	 0.603283	 0.315319
5.370000	 0.611228	 0.324363
5.380000	 0.619112	 0.333375
5.390000	 0.626934	 0.342355
5.400000	 0.634693	 0.351301
5.410000	 0.642389	 0.360212
5.420000	 0.650020	 0.369089
5.430000	 0.657587	 0.377929
5.440000	 0.665088	 0.386732
5.450000	 0.672522	 0.395498
5.460000	 0.679889	 0.404225
5.470000	 0.687188	 0.412913
5.480000	 0.694418	 0.421561
5.490000	 0.701579	 0.430167
5.500000	 0.708670	 0.438732
5.510000	 0.715690	 0.447255
5.520000	 0.722638	 0.455734
5.530000	 0.729514	 0.464170
5.540000	 0.736317	 0.472560
5.550000	 0.743046	 0.480905
5.560000	 0.749702	 0.489204
5.570000	 0.756282	 0.497456
5.580000	 0.762786	 0.505660
5.590000	 0.769215	 0.513815
5.600000	 0.775566	 0.521922
5.610000	 0.781840	 0.529978
5.620000	 0.788035	 0.537984
5.630000	 0.794152	 0.545939
5.640000	 0.800189	 0.553842
5.650000	 0.806147	 0.561692
5.660000	 0.812024	 0.569489
5.670000	 0.817819	 0.577233
5.680000	 0.823533	 0.584921
5.690000	 0.829164	 0.592554
5.700000	 0.834713	 0.600132
5.710000	 0.840178	 0.607653
5.720000	 0.845559	 0.615117
5.730000	 0.850855	 0.622523
5.740000	 0.856067	 0.629871
5.750000	 0.861192	 0.637160
5.760000	 0.866232	 0.644389
5.770000	 0.871185	 0.651559
5.780000	 0.876051	 0.658668
5.790000	 0.880829	 0.665715
5.800000	 0.885520	 0.672701
5.810000	 0.890121	 0.679624
5.820000	 0.894634	 0.686485
5.830000	 0.899057	 0.693282
5.840000	 0.903390	 0.700016
5.850000	 0.907633	 0.706685
5.860000	 0.911785	 0.713289
5.870000	 0.915846	 0.719827
5.880000	 0.919816	 0.726300
5.890000	 0.923693	 0.732706
5.900000	 0.927478	 0.739046
5.910000	 0.931171	 0.745317
5.920000	 0.934770	 0.751522
5.930000	 0.938276	 0.757658
5.940000	 0.941688	 0.763725
5.950000	 0.945005	 0.769723
5.960000	 0.948229	 0.775651
5.970000	 0.951357	 0.781510
5.980000	 0.954390	 0.787298
5.990000	 0.957328	 0.793015
6.000000	 0.960170	 0.798660
6.010000	 0.962916	 0.804235
6.020000	 0.965566	 0.809737
6.030000	 0.968119	 0.815167
6.040000	 0.970576	 0.820524
6.050000	 0.972935	 0.825808
6.060000	 0.975197	 0.831018
6.070000	 0.977362	 0.836154
6.080000	 0.979429	 0.841217
6.090000	 0.981398	 0.846204
6.100000	 0.983268	 0.851117
6.110000	 0.985041	 0.855955
6.120000	 0.986715	 0.860717
6.130000	 0.988290	 0.865403
6.140000	 0.989766	 0.870013
6.150000	 0.991144	 0.874547
6.160000	 0.992422	 0.879004
6.170000	 0.993601	 0.883384
6.180000	 0.994681	 0.887687
6.190000	 0.995661	 0.891912
6.200000	 0.996542	 0.896059
6.210000	 0.997323	 0.900128
6.220000	 0.998004	 0.904119
6.230000	 0.998586	 0.908032
6.240000	 0.999068	 0.911865
6.250000	 0.999449	 0.915619
6.260000	 0.999731	 0.919295
6.270000	 0.999913	 0.922890
6.280000	 0.999995	 0.926406
6.290000	 0.999977	 0.929842
6.300000	 0.999859	 0.933198
6.310000	 0.999641	 0.936473
6.320000	 0.999322	 0.939668
6.330000	 0.998904	 0.942782
6.340000	 0.998386	 0.945815
6.350000	 0.997769	 0.948767
6.360000	 0.997051	 0.951638
6.370000	 0.996234	 0.954427
6.380000	 0.995317	 0.957135
6.390000	 0.994301	 0.959761
6.400000	 0.993185	 0.962305
6.410000	 0.991970	 0.964767
6.420000	 0.990655	 0.967147
6.430000	 0.989242	 0.969445
6.440000	 0.987730	 0.971660
6.450000	 0.986119	 0.973792
6.460000	 0.984409	 0.975842
6.470000	 0.982601	 0.977809
6.480000	 0.980694	 0.979693
6.490000	 0.978690	 0.981494
6.500000	 0.976588	 0.983212
6.510000	 0.974388	 0.984847
6.520000	 0.972090	 0.986398
6.530000	 0.969696	 0.987866
6.540000	 0.967204	 0.989251
6.550000	 0.964616	 0.990552
6.560000	 0.961931	 0.991769
6.570000	 0.959150	 0.992902
6.580000	 0.956273	 0.993952
6.590000	 0.953300	 0.994918
6.600000	 0.950233	 0.995800
6.610000	 0.947070	 0.996599
6.620000	 0.943812	 0.997313
6.630000	 0.940460	 0.997943
6.640000	 0.937014	 0.998489
6.650000	 0.933474	 0.998951
6.660000	 0.929841	 0.999329
6.670000	 0.926115	 0.999623
6.680000	 0.922297	 0.999833
6.690000	 0.918386	 0.999959
6.700000	 0.914383	 1.000000
6.710000	 0.910289	 0.999958
6.720000	 0.906104	 0.999831
6.730000	 0.901828	 0.999620
6.740000	 0.897462	 0.999325
6.750000	 0.893006	 0.998946
6.760000	 0.888461	 0.998482
6.770000	 0.883827	 0.997935
6.780000	 0.879105	 0.997304
6.790000	 0.874295	 0.996588
6.800000	 0.869397	 0.995789
6.810000	 0.864413	 0.994906
6.820000	 0.859342	 0.993939
6.830000	 0.854185	 0.992888
6.840000	 0.848943	 0.991753
6.850000	 0.843616	 0.990535
6.860000	 0.838204	 0.989233
6.870000	 0.832709	 0.987847
6.880000	 0.827130	 0.986378
6.890000	 0.821469	 0.984826
6.900000	 0.815725	 0.983190
6.910000	 0.809900	 0.981471
6.920000	 0.803994	 0.979669
6.930000	 0.798007	 0.977784
6.940000	 0.791941	 0.975815
6.950000	 0.785796	 0.973765
6.960000	 0.779572	 0.971631
6.970000	 0.773270	 0.969415
6.980000	 0.766890	 0.967116
6.990000	 0.760434	 0.964735
7.000000	 0.753902	 0.962272
7.010000	 0.747295	 0.959727
7.020000	 0.740613	 0.957100
7.030000	 0.733856	 0.954391
7.040000	 0.727027	 0.951600
7.050000	 0.720124	 0.948728
7.060000	 0.713150	 0.945775
7.070000	 0.706104	 0.942741
7.080000	 0.698988	 0.939626
7.090000	 0.691802	 0.936430
7.100000	 0.684547	 0.933153
7.110000	 0.677223	 0.929797
7.120000	 0.669831	 0.926360
7.130000	 0.662373	 0.922843
7.140000	 0.654848	 0.919246
7.150000	 0.647258	 0.915570
7.160000	 0.639603	 0.911814
7.170000	 0.631884	 0.907980
7.180000	 0.624102	 0.904067
7.190000	 0.616257	 0.900075
7.200000	 0.608351	 0.896004
7.210000	 0.600384	 0.891856
7.220000	 0.592357	 0.887630
7.230000	 0.584271	 0.883326
7.240000	 0.576126	 0.878945
7.250000	 0.567924	 0.874487
7.260000	 0.559665	 0.869952
7.270000	 0.551350	 0.865341
7.280000	 0.542980	 0.860654
7.290000	 0.534555	 0.855891
7.300000	 0.526078	 0.851052
7.310000	 0.517547	 0.846138
7.320000	 0.508965	 0.841149
7.330000	 0.500332	 0.836086
7.340000	 0.491648	 0.830949
7.350000	 0.482916	 0.825737
7.360000	 0.474135	 0.820453
7.370000	 0.465307	 0.815095
7.380000	 0.456433	 0.809664
7.390000	 0.447512	 0.804161
7.400000	 0.438547	 0.798586
7.410000	 0.429538	 0.792939
7.420000	 0.420487	 0.787221
7.430000	 0.411393	 0.781432
7.440000	 0.402258	 0.775572
7.450000	 0.393083	 0.769643
7.460000	 0.383868	 0.763644
7.470000	 0.374615	 0.757576
7.480000	 0.365325	 0.751439
7.490000	 0.355998	 0.745234
7.500000	 0.346635	 0.738961
7.510000	 0.337238	 0.732621
7.520000	 0.327807	 0.726214
7.530000	 0.318344	 0.719740
7.540000	 0.308848	 0.713201
7.550000	 0.299322	 0.706596
7.560000	 0.289765	 0.699926
7.570000	 0.280180	 0.693192
7.580000	 0.270567	 0.686394
7.590000	 0.260926	 0.679532
7.600000	 0.251260	 0.672608
7.610000	 0.241568	 0.665621
7.620000	 0.231852	 0.658573
7.630000	 0.222114	 0.651463
7.640000	 0.212352	 0.644293
7.650000	 0.202570	 0.637063
7.660000	 0.192767	 0.629773
7.670000	 0.182945	 0.622424
7.680000	 0.173105	 0.615017
7.690000	 0.163248	 0.607553
7.700000	 0.153374	 0.600031
7.710000	 0.143485	 0.592453
7.720000	 0.133581	 0.584819
7.730000	 0.123664	 0.577129
7.740000	 0.113735	 0.569386
7.750000	 0.103794	 0.561588
7.760000	 0.093843	 0.553737
7.770000	 0.083883	 0.545833
7.780000	 0.073914	 0.537878
7.790000	 0.063938	 0.529871
7.800000	 0.053955	 0.521814
7.810000	 0.043967	 0.513707
7.820000	 0.033975	 0.505550
7.830000	 0.023979	 0.497346
7.840000	 0.013981	 0.489093
7.850000	 0.003982	 0.480794
7.860000	 -0.006018	 0.472448
7.870000	 -0.016018	 0.464057
7.880000	 -0.026015	 0.455621
7.890000	 -0.036011	 0.447141
7.900000	 -0.046002	 0.438618
7.910000	 -0.055989	 0.430053
7.920000	 -0.065970	 0.421445
7.930000	 -0.075945	 0.412797
7.940000	 -0.085912	 0.404109
7.950000	 -0.095871	 0.395381
7.960000	 -0.105820	 0.386615
7.970000	 -0.115758	 0.377811
7.980000	 -0.125685	 0.368970
7.990000	 -0.135599	 0.360093
8.000000	 -0.145500	 0.351181
8.010000	 -0.155386	 0.342235
8.020000	 -0.165257	 0.333255
8.030000	 -0.175111	 0.324242
8.040000	 -0.184947	 0.315198
8.050000	 -0.194765	 0.306122
8.060000	 -0.204564	 0.297016
8.070000	 -0.214342	 0.287881
8.080000	 -0.224099	 0.278718
8.090000	 -0.233833	 0.269527
8.100000	 -0.243544	 0.260309
8.110000	 -0.253231	 0.251066
8.120000	 -0.262892	 0.241798
8.130000	 -0.272527	 0.232506
8.140000	 -0.282135	 0.223191
8.150000	 -0.291714	 0.213854
8.160000	 -0.301264	 0.204495
8.170000	 -0.310785	 0.195116
8.180000	 -0.320274	 0.185718
8.190000	 -0.329731	 0.176302
8.200000	 -0.339155	 0.166868
8.210000	 -0.348545	 0.157417
8.220000	 -0.357900	 0.147950
8.230000	 -0.367220	 0.138469
8.240000	 -0.376503	 0.128974
8.250000	 -0.385748	 0.119466
8.260000	 -0.394955	 0.109947
8.270000	 -0.404122	 0.100416
8.280000	 -0.413248	 0.090875
8.290000	 -0.422334	 0.081325
8.300000	 -0.431377	 0.071767
8.310000	 -0.440377	 0.062202
8.320000	 -0.449333	 0.052631
8.330000	 -0.458244	 0.043054
8.340000	 -0.467109	 0.033473
8.350000	 -0.475928	 0.023889
8.360000	 -0.484698	 0.014302
8.370000	 -0.493421	 0.004714
8.380000	 -0.502094	 -0.004874
8.390000	 -0.510717	 -0.014462
8.400000	 -0.519289	 -0.024049
8.410000	 -0.527809	 -0.033633
8.420000	 -0.536276	 -0.043214
8.430000	 -0.544689	 -0.052791
8.440000	 -0.553048	 -0.062362
8.450000	 -0.561352	 -0.071927
8.460000	 -0.569599	 -0.081485
8.470000	 -0.577790	 -0.091034
8.480000	 -0.585923	 -0.100575
8.490000	 -0.593997	 -0.110106
8.500000	 -0.602012	 -0.119625
8.510000	 -0.609967	 -0.129133
8.520000	 -0.617860	 -0.138628
8.530000	 -0.625692	 -0.148109
8.540000	 -0.633461	 -0.157575
8.550000	 -0.641167	 -0.167025
8.560000	 -0.648809	 -0.176459
8.570000	 -0.656386	 -0.185875
8.580000	 -0.663897	 -0.195273
8.590000	 -0.671342	 -0.204652
8.600000	 -0.678720	 -0.214010
8.610000	 -0.686030	 -0.223347
8.620000	 -0.693271	 -0.232661
8.630000	 -0.700443	 -0.241953
8.640000	 -0.707545	 -0.251221
8.650000	 -0.714576	 -0.260464
8.660000	 -0.721536	 -0.269681
8.670000	 -0.728424	 -0.278871
8.680000	 -0.735238	 -0.288034
8.690000	 -0.741980	 -0.297169
8.700000	 -0.748647	 -0.306274
8.710000	 -0.755239	 -0.315349
8.720000	 -0.761755	 -0.324393
8.730000	 -0.768196	 -0.333405
8.740000	 -0.774560	 -0.342385
8.750000	 -0.780846	 -0.351331
8.760000	 -0.787054	 -0.360242
8.770000	 -0.793183	 -0.369118
8.780000	 -0.799233	 -0.377958
8.790000	 -0.805203	 -0.386762
8.800000	 -0.811093	 -0.395527
8.810000	 -0.816902	 -0.404254
8.820000	 -0.822628	 -0.412942
8.830000	 -0.828273	 -0.421589
8.840000	 -0.833835	 -0.430196
8.850000	 -0.839313	 -0.438761
8.860000	 -0.844707	 -0.447283
8.870000	 -0.850017	 -0.455762
8.880000	 -0.855242	 -0.464198
8.890000	 -0.860382	 -0.472588
8.900000	 -0.865435	 -0.480933
8.910000	 -0.870402	 -0.489232
8.920000	 -0.875282	 -0.497483
8.930000	 -0.880074	 -0.505687
8.940000	 -0.884778	 -0.513842
8.950000	 -0.889394	 -0.521949
8.960000	 -0.893921	 -0.530005
8.970000	 -0.898359	 -0.538011
8.980000	 -0.902706	 -0.545966
8.990000	 -0.906964	 -0.553868
9.000000	 -0.911130	 -0.561719
9.010000	 -0.915206	 -0.569515
9.020000	 -0.919190	 -0.577258
9.030000	 -0.923082	 -0.584947
9.040000	 -0.926882	 -0.592580
9.050000	 -0.930589	 -0.600157
9.060000	 -0.934203	 -0.607678
9.070000	 -0.937724	 -0.615142
9.080000	 -0.941151	 -0.622548
9.090000	 -0.944483	 -0.629895
9.100000	 -0.947722	 -0.637184
9.110000	 -0.950865	 -0.644413
9.120000	 -0.953914	 -0.651583
9.130000	 -0.956867	 -0.658691
9.140000	 -0.959724	 -0.665739
9.150000	 -0.962485	 -0.672724
9.160000	 -0.965151	 -0.679648
9.170000	 -0.967719	 -0.686508
9.180000	 -0.970191	 -0.693305
9.190000	 -0.972566	 -0.700038
9.200000	 -0.974844	 -0.706707
9.210000	 -0.977024	 -0.713311
9.220000	 -0.979106	 -0.719849
9.230000	 -0.981091	 -0.726321
9.240000	 -0.982977	 -0.732727
9.250000	 -0.984765	 -0.739067
9.260000	 -0.986455	 -0.745338
9.270000	 -0.988046	 -0.751542
9.280000	 -0.989538	 -0.757678
9.290000	 -0.990931	 -0.763745
9.300000	 -0.992225	 -0.769743
9.310000	 -0.993420	 -0.775671
9.320000	 -0.994516	 -0.781529
9.330000	 -0.995512	 -0.787317
9.340000	 -0.996409	 -0.793034
9.350000	 -0.997205	 -0.798679
9.360000	 -0.997903	 -0.804253
9.370000	 -0.998500	 -0.809755
9.380000	 -0.998998	 -0.815185
9.390000	 -0.999395	 -0.820542
9.400000	 -0.999693	 -0.825825
9.410000	 -0.999891	 -0.831035
9.420000	 -0.999989	 -0.836171
9.430000	 -0.999986	 -0.841233
9.440000	 -0.999884	 -0.846221
9.450000	 -0.999682	 -0.851134
9.460000	 -0.999380	 -0.855971
9.470000	 -0.998978	 -0.860733
9.480000	 -0.998476	 -0.865419
9.490000	 -0.997874	 -0.870029
9.500000	 -0.997172	 -0.874562
9.510000	 -0.996371	 -0.879019
9.520000	 -0.995470	 -0.883399
9.530000	 -0.994469	 -0.887701
9.540000	 -0.993369	 -0.891926
9.550000	 -0.992170	 -0.896073
9.560000	 -0.990871	 -0.900142
9.570000	 -0.989474	 -0.904133
9.580000	 -0.987977	 -0.908045
9.590000	 -0.986382	 -0.911878
9.600000	 -0.984688	 -0.915632
9.610000	 -0.982895	 -0.919307
9.620000	 -0.981005	 -0.922902
9.630000	 -0.979016	 -0.926418
9.640000	 -0.976929	 -0.929853
9.650000	 -0.974745	 -0.933209
9.660000	 -0.972463	 -0.936484
9.670000	 -0.970083	 -0.939678
9.680000	 -0.967607	 -0.942792
9.690000	 -0.965034	 -0.945825
9.700000	 -0.962365	 -0.948777
9.710000	 -0.959599	 -0.951648
9.720000	 -0.956738	 -0.954437
9.730000	 -0.953780	 -0.957144
9.740000	 -0.950728	 -0.959770
9.750000	 -0.947580	 -0.962314
9.760000	 -0.944337	 -0.964776
9.770000	 -0.941000	 -0.967155
9.780000	 -0.937569	 -0.969453
9.790000	 -0.934044	 -0.971667
9.800000	 -0.930426	 -0.973800
9.810000	 -0.926715	 -0.975849
9.820000	 -0.922911	 -0.977816
9.830000	 -0.919015	 -0.979700
9.840000	 -0.915027	 -0.981500
9.850000	 -0.910947	 -0.983218
9.860000	 -0.906776	 -0.984852
9.870000	 -0.902515	 -0.986403
9.880000	 -0.898163	 -0.987871
9.890000	 -0.893722	 -0.989255
9.900000	 -0.889191	 -0.990556
9.910000	 -0.884571	 -0.991773
9.920000	 -0.879863	 -0.992906
9.930000	 -0.875067	 -0.993956
9.940000	 -0.870183	 -0.994921
9.950000	 -0.865213	 -0.995803
9.960000	 -0.860155	 -0.996601
9.970000	 -0.855012	 -0.997315
9.980000	 -0.849783	 -0.997945
9.990000	 -0.844470	 -0.998491
10.000000	 -0.839072	 -0.998953
10.010000	 -0.833589	 -0.999331
10.020000	 -0.828024	 -0.999624
10.030000	 -0.822376	 -0.999834
10.040000	 -0.816645	 -0.999959
10.050000	 -0.810833	 -1.000000
10.060000	 -0.804940	 -0.999957
10.070000	 -0.798966	 -0.999830
10.080000	 -0.792913	 -0.999619
10.090000	 -0.786780	 -0.999324
10.100000	 -0.780568	 -0.998944
10.110000	 -0.774279	 -0.998481
10.120000	 -0.767911	 -0.997933
10.130000	 -0.761468	 -0.997302
10.140000	 -0.754948	 -0.996586
10.150000	 -0.748352	 -0.995786
10.160000	 -0.741682	 -0.994903
10.170000	 -0.734937	 -0.993936
10.180000	 -0.728119	 -0.992884
10.190000	 -0.721229	 -0.991749
10.200000	 -0.714266	 -0.990531
10.210000	 -0.707231	 -0.989228
10.220000	 -0.700126	 -0.987843
10.230000	 -0.692951	 -0.986373
10.240000	 -0.685707	 -0.984820
10.250000	 -0.678394	 -0.983184
10.260000	 -0.671013	 -0.981465
10.270000	 -0.663565	 -0.979663
10.280000	 -0.656051	 -0.977777
10.290000	 -0.648471	 -0.975809
10.300000	 -0.640826	 -0.973758
10.310000	 -0.633118	 -0.971624
10.320000	 -0.625346	 -0.969407
10.330000	 -0.617511	 -0.967108
10.340000	 -0.609615	 -0.964727
10.350000	 -0.601657	 -0.962264
10.360000	 -0.593640	 -0.959718
10.370000	 -0.585563	 -0.957091
10.380000	 -0.577427	 -0.954382
10.390000	 -0.569234	 -0.951591
10.400000	 -0.560984	 -0.948719
10.410000	 -0.552678	 -0.945765
10.420000	 -0.544317	 -0.942731
10.430000	 -0.535901	 -0.939615
10.440000	 -0.527431	 -0.936419
10.450000	 -0.518909	 -0.933142
10.460000	 -0.510335	 -0.929785
10.470000	 -0.501710	 -0.926348
10.480000	 -0.493035	 -0.922831
10.490000	 -0.484310	 -0.919234
10.500000	 -0.475537	 -0.915558
10.510000	 -0.466716	 -0.911802
10.520000	 -0.457849	 -0.907967
10.530000	 -0.448936	 -0.904053
10.540000	 -0.439978	 -0.900061
10.550000	 -0.430976	 -0.895991
10.560000	 -0.421931	 -0.891842
10.570000	 -0.412844	 -0.887616
10.580000	 -0.403715	 -0.883312
10.590000	 -0.394547	 -0.878930
10.600000	 -0.385338	 -0.874472
10.610000	 -0.376091	 -0.869937
10.620000	 -0.366807	 -0.865326
10.630000	 -0.357486	 -0.860638
10.640000	 -0.348129	 -0.855875
10.650000	 -0.338737	 -0.851036
10.660000	 -0.329311	 -0.846122
10.670000	 -0.319853	 -0.841133
10.680000	 -0.310362	 -0.836069
10.690000	 -0.300841	 -0.830932
10.700000	 -0.291289	 -0.825720
10.710000	 -0.281709	 -0.820435
10.720000	 -0.272100	 -0.815077
10.730000	 -0.262463	 -0.809646
10.740000	 -0.252801	 -0.804142
10.750000	 -0.243113	 -0.798567
10.760000	 -0.233401	 -0.792920
10.770000	 -0.223666	 -0.787202
10.780000	 -0.213908	 -0.781412
10.790000	 -0.204129	 -0.775553
10.800000	 -0.194330	 -0.769623
10.810000	 -0.184511	 -0.763624
10.820000	 -0.174674	 -0.757556
10.830000	 -0.164819	 -0.751419
10.840000	 -0.154947	 -0.745213
10.850000	 -0.145061	 -0.738940
10.860000	 -0.135159	 -0.732600
10.870000	 -0.125245	 -0.726193
10.880000	 -0.115317	 -0.719719
10.890000	 -0.105378	 -0.713179
10.900000	 -0.095429	 -0.706574
10.910000	 -0.085470	 -0.699904
10.920000	 -0.075502	 -0.693170
10.930000	 -0.065527	 -0.686371
10.940000	 -0.055546	 -0.679510
10.950000	 -0.045559	 -0.672585
10.960000	 -0.035567	 -0.665598
10.970000	 -0.025571	 -0.658550
10.980000	 -0.015574	 -0.651440
10.990000	 -0.005574	 -0.644269
11.000000	 0.004426	 -0.637039
11.010000	 0.014425	 -0.629749
11.020000	 0.024423	 -0.622400
11.030000	 0.034419	 -0.614993
11.040000	 0.044411	 -0.607528
11.050000	 0.054399	 -0.600006
11.060000	 0.064381	 -0.592428
11.070000	 0.074357	 -0.584793
11.080000	 0.084325	 -0.577104
11.090000	 0.094285	 -0.569360
11.100000	 0.104236	 -0.561562
11.110000	 0.114176	 -0.553711
11.120000	 0.124105	 -0.545807
11.130000	 0.134021	 -0.537851
11.140000	 0.143924	 -0.529844
11.150000	 0.153813	 -0.521787
11.160000	 0.163686	 -0.513680
11.170000	 0.173543	 -0.505523
11.180000	 0.183382	 -0.497318
11.190000	 0.193203	 -0.489066
11.200000	 0.203005	 -0.480766
11.210000	 0.212786	 -0.472420
11.220000	 0.222547	 -0.464029
11.230000	 0.232284	 -0.455593
11.240000	 0.241999	 -0.447113
11.250000	 0.251690	 -0.438590
11.260000	 0.261355	 -0.430024
11.270000	 0.270994	 -0.421417
11.280000	 0.280606	 -0.412768
11.290000	 0.290190	 -0.404080
11.300000	 0.299745	 -0.395352
11.310000	 0.309270	 -0.386586
11.320000	 0.318765	 -0.377782
11.330000	 0.328227	 -0.368941
11.340000	 0.337656	 -0.360064
11.350000	 0.347052	 -0.351152
11.360000	 0.356413	 -0.342205
11.370000	 0.365738	 -0.333225
11.380000	 0.375027	 -0.324212
11.390000	 0.384278	 -0.315167
11.400000	 0.393491	 -0.306092
11.410000	 0.402664	 -0.296986
11.420000	 0.411798	 -0.287851
11.430000	 0.420890	 -0.278687
11.440000	 0.429939	 -0.269496
11.450000	 0.438946	 -0.260279
11.460000	 0.447909	 -0.251035
11.470000	 0.456828	 -0.241767
11.480000	 0.465700	 -0.232475
11.490000	 0.474526	 -0.223160
11.500000	 0.483305	 -0.213823
11.510000	 0.492035	 -0.204464
11.520000	 0.500716	 -0.195085
11.530000	 0.509347	 -0.185687
11.540000	 0.517927	 -0.176270
11.550000	 0.526455	 -0.166836
11.560000	 0.534931	 -0.157385
11.570000	 0.543353	 -0.147919
11.580000	 0.551721	 -0.138438
11.590000	 0.560033	 -0.128943
11.600000	 0.568290	 -0.119435
11.610000	 0.576489	 -0.109915
11.620000	 0.584631	 -0.100384
11.630000	 0.592715	 -0.090843
11.640000	 0.600739	 -0.081293
11.650000	 0.608704	 -0.071735
11.660000	 0.616607	 -0.062170
11.670000	 0.624449	 -0.052599
11.680000	 0.632228	 -0.043022
11.690000	 0.639944	 -0.033441
11.700000	 0.647596	 -0.023857
11.710000	 0.655184	 -0.014270
11.720000	 0.662705	 -0.004682
11.730000	 0.670161	 0.004906
11.740000	 0.677550	 0.014494
11.750000	 0.684870	 0.024081
11.760000	 0.692123	 0.033665
11.770000	 0.699306	 0.043246
11.780000	 0.706419	 0.052823
11.790000	 0.713461	 0.062394
11.800000	 0.720432	 0.071959
11.810000	 0.727332	 0.081517
11.820000	 0.734158	 0.091066
11.830000	 0.740911	 0.100607
11.840000	 0.747590	 0.110137
11.850000	 0.754194	 0.119657
11.860000	 0.760723	 0.129164
11.870000	 0.767175	 0.138659
11.880000	 0.773551	 0.148140
11.890000	 0.779850	 0.157606
11.900000	 0.786070	 0.167057
11.910000	 0.792212	 0.176491
11.920000	 0.798275	 0.185907
11.930000	 0.804258	 0.195305
11.940000	 0.810160	 0.204683
11.950000	 0.815982	 0.214041
11.960000	 0.821722	 0.223378
11.970000	 0.827379	 0.232692
11.980000	 0.832954	 0.241984
11.990000	 0.838446	 0.251252
12.000000	 0.843854	 0.260494
12.010000	 0.849177	 0.269711
12.020000	 0.854416	 0.278902
12.030000	 0.859569	 0.288065
12.040000	 0.864636	 0.297199
12.050000	 0.869617	 0.306304
12.060000	 0.874511	 0.315379
12.070000	 0.879317	 0.324423
12.080000	 0.884035	 0.333435
12.090000	 0.888665	 0.342415
12.100000	 0.893206	 0.351360
12.110000	 0.897658	 0.360272
12.120000	 0.902020	 0.369148
12.130000	 0.906292	 0.377988
12.140000	 0.910473	 0.386791
12.150000	 0.914563	 0.395556
12.160000	 0.918561	 0.404283
12.170000	 0.922468	 0.412971
12.180000	 0.926283	 0.421618
12.190000	 0.930005	 0.430225
12.200000	 0.933634	 0.438789
12.210000	 0.937169	 0.447312
12.220000	 0.940611	 0.455791
12.230000	 0.943959	 0.464226
12.240000	 0.947212	 0.472616
12.250000	 0.950371	 0.480961
12.260000	 0.953434	 0.489259
12.270000	 0.956403	 0.497511
12.280000	 0.959275	 0.505714
12.290000	 0.962052	 0.513870
12.300000	 0.964733	 0.521976
12.310000	 0.967317	 0.530032
12.320000	 0.969804	 0.538038
12.330000	 0.972194	 0.545992
12.340000	 0.974487	 0.553895
12.350000	 0.976683	 0.561745
12.360000	 0.978781	 0.569541
12.370000	 0.980781	 0.577284
12.380000	 0.982683	 0.584972
12.390000	 0.984487	 0.592605
12.400000	 0.986192	 0.600182
12.410000	 0.987799	 0.607703
12.420000	 0.989307	 0.615166
12.430000	 0.990716	 0.622572
12.440000	 0.992026	 0.629920
12.450000	 0.993237	 0.637208
12.460000	 0.994348	 0.644438
12.470000	 0.995360	 0.651607
12.480000	 0.996272	 0.658715
12.490000	 0.997085	 0.665762
12.500000	 0.997798	 0.672747
12.510000	 0.998412	 0.679671
12.520000	 0.998925	 0.686531
12.530000	 0.999339	 0.693328
12.540000	 0.999652	 0.700061
12.550000	 0.999866	 0.706729
12.560000	 0.999980	 0.713333
12.570000	 0.999993	 0.719871
12.580000	 0.999907	 0.726343
12.590000	 0.999721	 0.732749
12.600000	 0.999435	 0.739088
12.610000	 0.999048	 0.745359
12.620000	 0.998562	 0.751563
12.630000	 0.997976	 0.757698
12.640000	 0.997291	 0.763765
12.650000	 0.996505	 0.769763
12.660000	 0.995620	 0.775691
12.670000	 0.994635	 0.781549
12.680000	 0.993551	 0.787336
12.690000	 0.992368	 0.793053
12.700000	 0.991085	 0.798698
12.710000	 0.989703	 0.804272
12.720000	 0.988222	 0.809774
12.730000	 0.986643	 0.815203
12.740000	 0.984964	 0.820559
12.750000	 0.983187	 0.825843
12.760000	 0.981312	 0.831053
12.770000	 0.979339	 0.836189
12.780000	 0.977268	 0.841250
12.790000	 0.975099	 0.846238
12.800000	 0.972833	 0.851150
12.810000	 0.970469	 0.855987
12.820000	 0.968008	 0.860749
12.830000	 0.965451	 0.865434
12.840000	 0.962796	 0.870044
12.850000	 0.960046	 0.874577
12.860000	 0.957200	 0.879034
12.870000	 0.954258	 0.883413
12.880000	 0.951220	 0.887715
12.890000	 0.948087	 0.891940
12.900000	 0.944860	 0.896087
12.910000	 0.941538	 0.900155
12.920000	 0.938122	 0.904146
12.930000	 0.934612	 0.908058
12.940000	 0.931009	 0.911891
12.950000	 0.927312	 0.915644
12.960000	 0.923523	 0.919319
12.970000	 0.919642	 0.922914
12.980000	 0.915668	 0.926429
12.990000	 0.911603	 0.929865
13.000000	 0.907447	 0.933220
13.010000	 0.903200	 0.936495
13.020000	 0.898863	 0.939689
13.030000	 0.894435	 0.942803
13.040000	 0.889919	 0.945835
13.050000	 0.885313	 0.948787
13.060000	 0.880619	 0.951657
13.070000	 0.875837	 0.954446
13.080000	 0.870967	 0.957153
13.090000	 0.866010	 0.959779
13.100000	 0.860967	 0.962322
13.110000	 0.855837	 0.964784
13.120000	 0.850622	 0.967163
13.130000	 0.845322	 0.969460
13.140000	 0.839937	 0.971675
13.150000	 0.834468	 0.973807
13.160000	 0.828916	 0.975856
13.170000	 0.823281	 0.977822
13.180000	 0.817563	 0.979706
13.190000	 0.811764	 0.981506
13.200000	 0.805884	 0.983224
13.210000	 0.799923	 0.984858
13.220000	 0.793882	 0.986409
13.230000	 0.787762	 0.987876
13.240000	 0.781563	 0.989260
13.250000	 0.775285	 0.990560
13.260000	 0.768931	 0.991777
13.270000	 0.762499	 0.992910
13.280000	 0.755991	 0.993959
13.290000	 0.749408	 0.994925
13.300000	 0.742749	 0.995806
13.310000	 0.736016	 0.996604
13.320000	 0.729210	 0.997317
13.330000	 0.722331	 0.997947
13.340000	 0.715379	 0.998493
13.350000	 0.708356	 0.998954
13.360000	 0.701263	 0.999332
13.370000	 0.694099	 0.999625
13.380000	 0.686865	 0.999834
13.390000	 0.679563	 0.999959
13.400000	 0.672193	 1.000000
13.410000	 0.664756	 0.999957
13.420000	 0.657252	 0.999830
13.430000	 0.649683	 0.999618
13.440000	 0.642048	 0.999323
13.450000	 0.634350	 0.998943
13.460000	 0.626588	 0.998479
13.470000	 0.618763	 0.997931
13.480000	 0.610876	 0.997299
13.490000	 0.602929	 0.996584
13.500000	 0.594921	 0.995784
13.510000	 0.586853	 0.994900
13.520000	 0.578727	 0.993932
13.530000	 0.570543	 0.992881
13.540000	 0.562302	 0.991746
13.550000	 0.554005	 0.990527
13.560000	 0.545652	 0.989224
13.570000	 0.537245	 0.987838
13.580000	 0.528784	 0.986368
13.590000	 0.520270	 0.984815
13.600000	 0.511704	 0.983179
13.610000	 0.503087	 0.981459
13.620000	 0.494420	 0.979657
13.630000	 0.485703	 0.977771
13.640000	 0.476937	 0.975802
13.650000	 0.468124	 0.973751
13.660000	 0.459264	 0.971617
13.670000	 0.450359	 0.969400
13.680000	 0.441408	 0.967101
13.690000	 0.432413	 0.964719
13.700000	 0.423375	 0.962255
13.710000	 0.414294	 0.959710
13.720000	 0.405172	 0.957082
13.730000	 0.396009	 0.954373
13.740000	 0.386807	 0.951582
13.750000	 0.377567	 0.948709
13.760000	 0.368288	 0.945755
13.770000	 0.358973	 0.942721
13.780000	 0.349621	 0.939605
13.790000	 0.340235	 0.936408
13.800000	 0.330815	 0.933131
13.810000	 0.321362	 0.929774
13.820000	 0.311876	 0.926337
13.830000	 0.302359	 0.922819
13.840000	 0.292812	 0.919222
13.850000	 0.283236	 0.915545
13.860000	 0.273632	 0.911789
13.870000	 0.264000	 0.907954
13.880000	 0.254342	 0.904040
13.890000	 0.244658	 0.900048
13.900000	 0.234950	 0.895977
13.910000	 0.225218	 0.891828
13.920000	 0.215464	 0.887602
13.930000	 0.205688	 0.883297
13.940000	 0.195892	 0.878916
13.950000	 0.186076	 0.874457
13.960000	 0.176242	 0.869922
13.970000	 0.166389	 0.865310
13.980000	 0.156521	 0.860623
13.990000	 0.146636	 0.855859
14.000000	 0.136737	 0.851020
14.010000	 0.126824	 0.846105
14.020000	 0.116899	 0.841116
14.030000	 0.106962	 0.836052
14.040000	 0.097014	 0.830914
14.050000	 0.087057	 0.825703
14.060000	 0.077090	 0.820417
14.070000	 0.067116	 0.815059
14.080000	 0.057136	 0.809628
14.090000	 0.047149	 0.804124
14.100000	 0.037158	 0.798548
14.110000	 0.027164	 0.792901
14.120000	 0.017166	 0.787182
14.130000	 0.007167	 0.781393
14.140000	 -0.002833	 0.775533
14.150000	 -0.012833	 0.769604
14.160000	 -0.022831	 0.763604
14.170000	 -0.032827	 0.757536
14.180000	 -0.042820	 0.751398
14.190000	 -0.052808	 0.745193
14.200000	 -0.062792	 0.738919
14.210000	 -0.072769	 0.732579
14.220000	 -0.082738	 0.726171
14.230000	 -0.092700	 0.719697
14.240000	 -0.102652	 0.713157
14.250000	 -0.112594	 0.706552
14.260000	 -0.122524	 0.699882
14.270000	 -0.132443	 0.693147
14.280000	 -0.142348	 0.686349
14.290000	 -0.152239	 0.679487
14.300000	 -0.162114	 0.672562
14.310000	 -0.171974	 0.665575
14.320000	 -0.181816	 0.658526
14.330000	 -0.191640	 0.651416
14.340000	 -0.201445	 0.644245
14.350000	 -0.211230	 0.637015
14.360000	 -0.220994	 0.629725
14.370000	 -0.230735	 0.622375
14.380000	 -0.240454	 0.614968
14.390000	 -0.250148	 0.607503
14.400000	 -0.259817	 0.599981
14.410000	 -0.269461	 0.592402
14.420000	 -0.279077	 0.584768
14.430000	 -0.288666	 0.577078
14.440000	 -0.298226	 0.569334
14.450000	 -0.307755	 0.561536
14.460000	 -0.317255	 0.553685
14.470000	 -0.326722	 0.545781
14.480000	 -0.336157	 0.537825
14.490000	 -0.345558	 0.529818
14.500000	 -0.354924	 0.521760
14.510000	 -0.364255	 0.513653
14.520000	 -0.373550	 0.505496
14.530000	 -0.382807	 0.497291
14.540000	 -0.392026	 0.489038
14.550000	 -0.401206	 0.480739
14.560000	 -0.410346	 0.472393
14.570000	 -0.419444	 0.464001
14.580000	 -0.428501	 0.455565
14.590000	 -0.437515	 0.447085
14.600000	 -0.446485	 0.438561
14.610000	 -0.455410	 0.429996
14.620000	 -0.464290	 0.421388
14.630000	 -0.473124	 0.412739
14.640000	 -0.481910	 0.404051
14.650000	 -0.490648	 0.395323
14.660000	 -0.499337	 0.386557
14.670000	 -0.507976	 0.377752
14.680000	 -0.516564	 0.368911
14.690000	 -0.525100	 0.360034
14.700000	 -0.533584	 0.351122
14.710000	 -0.542015	 0.342175
14.720000	 -0.550391	 0.333195
14.730000	 -0.558713	 0.324182
14.740000	 -0.566978	 0.315137
14.750000	 -0.575187	 0.306062
14.760000	 -0.583339	 0.296956
14.770000	 -0.591432	 0.287820
14.780000	 -0.599465	 0.278657
14.790000	 -0.607439	 0.269466
14.800000	 -0.615352	 0.260248
14.810000	 -0.623204	 0.251005
14.820000	 -0.630993	 0.241736
14.830000	 -0.638720	 0.232444
14.840000	 -0.646382	 0.223129
14.850000	 -0.653980	 0.213791
14.860000	 -0.661512	 0.204433
14.870000	 -0.668978	 0.195054
14.880000	 -0.676377	 0.185656
14.890000	 -0.683709	 0.176239
14.900000	 -0.690972	 0.166805
14.910000	 -0.698166	 0.157354
14.920000	 -0.705291	 0.147887
14.930000	 -0.712344	 0.138406
14.940000	 -0.719327	 0.128911
14.950000	 -0.726238	 0.119403
14.960000	 -0.733076	 0.109883
14.970000	 -0.739840	 0.100352
14.980000	 -0.746531	 0.090812
14.990000	 -0.753147	 0.081262
15.000000	 -0.759688	 0.071704
15.010000	 -0.766153	 0.062138
15.020000	 -0.772541	 0.052567
15.030000	 -0.778852	 0.042990
15.040000	 -0.785085	 0.033409
15.050000	 -0.791239	 0.023825
15.060000	 -0.797315	 0.014238
15.070000	 -0.803310	 0.004650
15.080000	 -0.809226	 -0.004938
15.090000	 -0.815060	 -0.014526
15.100000	 -0.820813	 -0.024113
15.110000	 -0.826484	 -0.033697
15.120000	 -0.832072	 -0.043278
15.130000	 -0.837577	 -0.052854
15.140000	 -0.842998	 -0.062426
15.150000	 -0.848335	 -0.071991
15.160000	 -0.853587	 -0.081548
15.170000	 -0.858754	 -0.091098
15.180000	 -0.863835	 -0.100639
15.190000	 -0.868829	 -0.110169
15.200000	 -0.873737	 -0.119689
15.210000	 -0.878557	 -0.129196
15.220000	 -0.883290	 -0.138691
15.230000	 -0.887934	 -0.148172
15.240000	 -0.892489	 -0.157638
15.250000	 -0.896955	 -0.167088
15.260000	 -0.901331	 -0.176522
15.270000	 -0.905617	 -0.185938
15.280000	 -0.909813	 -0.195336
15.290000	 -0.913918	 -0.204714
15.300000	 -0.917931	 -0.214072
15.310000	 -0.921852	 -0.223409
15.320000	 -0.925681	 -0.232723
15.330000	 -0.929418	 -0.242015
15.340000	 -0.933062	 -0.251282
15.350000	 -0.936612	 -0.260525
15.360000	 -0.940069	 -0.269742
15.370000	 -0.943432	 -0.278932
15.380000	 -0.946700	 -0.288095
15.390000	 -0.949874	 -0.297229
15.400000	 -0.952953	 -0.306334
15.410000	 -0.955936	 -0.315409
15.420000	 -0.958824	 -0.324453
15.430000	 -0.961616	 -0.333465
15.440000	 -0.964312	 -0.342444
15.450000	 -0.966912	 -0.351390
15.460000	 -0.969414	 -0.360301
15.470000	 -0.971820	 -0.369177
15.480000	 -0.974129	 -0.378017
15.490000	 -0.976340	 -0.386820
15.500000	 -0.978453	 -0.395585
15.510000	 -0.980469	 -0.404312
15.520000	 -0.982387	 -0.413000
15.530000	 -0.984206	 -0.421647
15.540000	 -0.985927	 -0.430253
15.550000	 -0.987550	 -0.438818
15.560000	 -0.989073	 -0.447340
15.570000	 -0.990498	 -0.455819
15.580000	 -0.991824	 -0.464254
15.590000	 -0.993050	 -0.472644
15.600000	 -0.994178	 -0.480988
15.610000	 -0.995205	 -0.489287
15.620000	 -0.996134	 -0.497538
15.630000	 -0.996962	 -0.505742
15.640000	 -0.997691	 -0.513897
15.650000	 -0.998321	 -0.522003
15.660000	 -0.998850	 -0.530059
15.670000	 -0.999279	 -0.538064
15.680000	 -0.999609	 -0.546019
15.690000	 -0.999839	 -0.553921
15.700000	 -0.999968	 -0.561771
15.710000	 -0.999998	 -0.569567
15.720000	 -0.999928	 -0.577310
15.730000	 -0.999757	 -0.584998
15.740000	 -0.999487	 -0.592631
15.750000	 -0.999117	 -0.600208
15.760000	 -0.998646	 -0.607728
15.770000	 -0.998076	 -0.615191
15.780000	 -0.997406	 -0.622597
15.790000	 -0.996637	 -0.629944
15.800000	 -0.995768	 -0.637233
15.810000	 -0.994799	 -0.644462
15.820000	 -0.993730	 -0.651630
15.830000	 -0.992563	 -0.658739
15.840000	 -0.991296	 -0.665785
15.850000	 -0.989930	 -0.672771
15.860000	 -0.988465	 -0.679694
15.870000	 -0.986901	 -0.686554
15.880000	 -0.985238	 -0.693350
15.890000	 -0.983477	 -0.700083
15.900000	 -0.981618	 -0.706751
15.910000	 -0.979660	 -0.713355
15.920000	 -0.977604	 -0.719893
15.930000	 -0.975451	 -0.726364
15.940000	 -0.973200	 -0.732770
15.950000	 -0.970852	 -0.739109
15.960000	 -0.968407	 -0.745380
15.970000	 -0.965864	 -0.751584
15.980000	 -0.963226	 -0.757719
15.990000	 -0.960491	 -0.763785
16.000000	 -0.957659	 -0.769783
16.010000	 -0.954733	 -0.775710
16.020000	 -0.951710	 -0.781568
16.030000	 -0.948593	 -0.787355
16.040000	 -0.945380	 -0.793072
16.050000	 -0.942073	 -0.798717
16.060000	 -0.938672	 -0.804290
16.070000	 -0.935177	 -0.809792
16.080000	 -0.931589	 -0.815221
16.090000	 -0.927907	 -0.820577
16.100000	 -0.924133	 -0.825860
16.110000	 -0.920266	 -0.831070
16.120000	 -0.916307	 -0.836206
16.130000	 -0.912257	 -0.841267
16.140000	 -0.908115	 -0.846254
16.150000	 -0.903882	 -0.851166
16.160000	 -0.899559	 -0.856003
16.170000	 -0.895146	 -0.860764
16.180000	 -0.890644	 -0.865450
16.190000	 -0.886053	 -0.870059
16.200000	 -0.881372	 -0.874592
16.210000	 -0.876604	 -0.879049
16.220000	 -0.871748	 -0.883428
16.230000	 -0.866805	 -0.887730
16.240000	 -0.861776	 -0.891954
16.250000	 -0.856660	 -0.896101
16.260000	 -0.851458	 -0.900169
16.270000	 -0.846171	 -0.904159
16.280000	 -0.840800	 -0.908071
16.290000	 -0.835345	 -0.911903
16.300000	 -0.829806	 -0.915657
16.310000	 -0.824184	 -0.919331
16.320000	 -0.818480	 -0.922926
16.330000	 -0.812693	 -0.926441
16.340000	 -0.806826	 -0.929876
16.350000	 -0.800878	 -0.933231
16.360000	 -0.794850	 -0.936506
16.370000	 -0.788742	 -0.939700
16.380000	 -0.782555	 -0.942813
16.390000	 -0.776290	 -0.945845
16.400000	 -0.769948	 -0.948797
16.410000	 -0.763529	 -0.951667
16.420000	 -0.757033	 -0.954455
16.430000	 -0.750461	 -0.957162
16.440000	 -0.743815	 -0.959787
16.450000	 -0.737094	 -0.962331
16.460000	 -0.730299	 -0.964792
16.470000	 -0.723431	 -0.967171
16.480000	 -0.716491	 -0.969468
16.490000	 -0.709480	 -0.971682
16.500000	 -0.702397	 -0.973814
16.510000	 -0.695244	 -0.975863
16.520000	 -0.688022	 -0.977829
16.530000	 -0.680731	 -0.979712
16.540000	 -0.673371	 -0.981512
16.550000	 -0.665945	 -0.983229
16.560000	 -0.658452	 -0.984863
16.570000	 -0.650893	 -0.986414
16.580000	 -0.643268	 -0.987881
16.590000	 -0.635580	 -0.989264
16.600000	 -0.627828	 -0.990565
16.610000	 -0.620013	 -0.991781
16.620000	 -0.612136	 -0.992914
16.630000	 -0.604198	 -0.993963
16.640000	 -0.596200	 -0.994928
16.650000	 -0.588142	 -0.995809
16.660000	 -0.580025	 -0.996606
16.670000	 -0.571850	 -0.997320
16.680000	 -0.563618	 -0.997949
16.690000	 -0.555330	 -0.998495
16.700000	 -0.546986	 -0.998956
16.710000	 -0.538587	 -0.999333
16.720000	 -0.530135	 -0.999626
16.730000	 -0.521629	 -0.999835
16.740000	 -0.513072	 -0.999960
16.750000	 -0.504463	 -1.000001
16.760000	 -0.495803	 -0.999957
16.770000	 -0.487094	 -0.999829
16.780000	 -0.478337	 -0.999618
16.790000	 -0.469531	 -0.999322
16.800000	 -0.460679	 -0.998942
16.810000	 -0.451780	 -0.998478
16.820000	 -0.442836	 -0.997930
16.830000	 -0.433848	 -0.997297
16.840000	 -0.424817	 -0.996581
16.850000	 -0.415743	 -0.995781
16.860000	 -0.406628	 -0.994897
16.870000	 -0.397471	 -0.993929
16.880000	 -0.388276	 -0.992877
16.890000	 -0.379041	 -0.991742
16.900000	 -0.369768	 -0.990523
16.910000	 -0.360459	 -0.989220
16.920000	 -0.351113	 -0.987833
16.930000	 -0.341732	 -0.986363
16.940000	 -0.332317	 -0.984810
16.950000	 -0.322869	 -0.983173
16.960000	 -0.313389	 -0.981454
16.970000	 -0.303877	 -0.979651
16.980000	 -0.294335	 -0.977765
16.990000	 -0.284763	 -0.975796
17.000000	 -0.275163	 -0.973744
17.010000	 -0.265536	 -0.971610
17.020000	 -0.255882	 -0.969393
17.030000	 -0.246202	 -0.967093
17.040000	 -0.236498	 -0.964711
17.050000	 -0.226770	 -0.962247
17.060000	 -0.217019	 -0.959701
17.070000	 -0.207247	 -0.957073
17.080000	 -0.197453	 -0.954364
17.090000	 -0.187641	 -0.951572
17.100000	 -0.177809	 -0.948700
17.110000	 -0.167960	 -0.945746
17.120000	 -0.158094	 -0.942710
17.130000	 -0.148212	 -0.939595
17.140000	 -0.138315	 -0.936398
17.150000	 -0.128404	 -0.933121
17.160000	 -0.118481	 -0.929763
17.170000	 -0.108545	 -0.926325
17.180000	 -0.098599	 -0.922807
17.190000	 -0.088643	 -0.919210
17.200000	 -0.078678	 -0.915533
17.210000	 -0.068705	 -0.911777
17.220000	 -0.058726	 -0.907941
17.230000	 -0.048740	 -0.904027
17.240000	 -0.038750	 -0.900035
17.250000	 -0.028756	 -0.895964
17.260000	 -0.018758	 -0.891814
17.270000	 -0.008759	 -0.887588
17.280000	 0.001240	 -0.883283
17.290000	 0.011240	 -0.878901
17.300000	 0.021239	 -0.874442
17.310000	 0.031235	 -0.869907
17.320000	 0.041229	 -0.865295
17.330000	 0.051218	 -0.860607
17.340000	 0.061202	 -0.855843
17.350000	 0.071180	 -0.851004
17.360000	 0.081151	 -0.846089
17.370000	 0.091114	 -0.841100
17.380000	 0.101068	 -0.836036
17.390000	 0.111011	 -0.830897
17.400000	 0.120944	 -0.825685
17.410000	 0.130864	 -0.820400
17.420000	 0.140771	 -0.815041
17.430000	 0.150664	 -0.809610
17.440000	 0.160543	 -0.804106
17.450000	 0.170405	 -0.798530
17.460000	 0.180250	 -0.792882
17.470000	 0.190077	 -0.787163
17.480000	 0.199885	 -0.781374
17.490000	 0.209673	 -0.775514
17.500000	 0.219440	 -0.769584
17.510000	 0.229185	 -0.763584
17.520000	 0.238907	 -0.757515
17.530000	 0.248606	 -0.751378
17.540000	 0.258279	 -0.745172
17.550000	 0.267927	 -0.738899
17.560000	 0.277548	 -0.732558
17.570000	 0.287141	 -0.726150
17.580000	 0.296705	 -0.719676
17.590000	 0.306240	 -0.713136
17.600000	 0.315744	 -0.706530
17.610000	 0.325216	 -0.699860
17.620000	 0.334656	 -0.693125
17.630000	 0.344063	 -0.686326
17.640000	 0.353435	 -0.679464
17.650000	 0.362772	 -0.672539
17.660000	 0.372072	 -0.665552
17.670000	 0.381335	 -0.658503
17.680000	 0.390561	 -0.651392
17.690000	 0.399747	 -0.644222
17.700000	 0.408893	 -0.636991
17.710000	 0.417998	 -0.629700
17.720000	 0.427061	 -0.622351
17.730000	 0.436082	 -0.614943
17.740000	 0.445059	 -0.607478
17.750000	 0.453992	 -0.599956
17.760000	 0.462879	 -0.592377
17.770000	 0.471720	 -0.584742
17.780000	 0.480514	 -0.577053
17.790000	 0.489259	 -0.569308
17.800000	 0.497956	 -0.561510
17.810000	 0.506603	 -0.553658
17.820000	 0.515200	 -0.545754
17.830000	 0.523744	 -0.537798
17.840000	 0.532237	 -0.529791
17.850000	 0.540676	 -0.521733
17.860000	 0.549061	 -0.513626
17.870000	 0.557391	 -0.505469
17.880000	 0.565666	 -0.497264
17.890000	 0.573884	 -0.489011
17.900000	 0.582044	 -0.480711
17.910000	 0.590147	 -0.472365
17.920000	 0.598190	 -0.463973
17.930000	 0.606173	 -0.455537
17.940000	 0.614096	 -0.447057
17.950000	 0.621958	 -0.438533
17.960000	 0.629757	 -0.429967
17.970000	 0.637493	 -0.421359
17.980000	 0.645166	 -0.412711
17.990000	 0.652774	 -0.404022
18.000000	 0.660317	 -0.395294
18.010000	 0.667793	 -0.386527
18.020000	 0.675203	 -0.377723
18.030000	 0.682546	 -0.368882
18.040000	 0.689820	 -0.360005
18.050000	 0.697025	 -0.351092
18.060000	 0.704161	 -0.342146
18.070000	 0.711226	 -0.333165
18.080000	 0.718220	 -0.324152
18.090000	 0.725142	 -0.315107
18.100000	 0.731991	 -0.306031
18.110000	 0.738768	 -0.296925
18.120000	 0.745470	 -0.287790
18.130000	 0.752098	 -0.278626
18.140000	 0.758651	 -0.269435
18.150000	 0.765128	 -0.260217
18.160000	 0.771529	 -0.250974
18.170000	 0.777852	 -0.241706
18.180000	 0.784097	 -0.232413
18.190000	 0.790264	 -0.223098
18.200000	 0.796352	 -0.213760
18.210000	 0.802361	 -0.204402
18.220000	 0.808289	 -0.195023
18.230000	 0.814136	 -0.185624
18.240000	 0.819902	 -0.176208
18.250000	 0.825586	 -0.166773
18.260000	 0.831188	 -0.157322
18.270000	 0.836706	 -0.147856
18.280000	 0.842141	 -0.138374
18.290000	 0.847491	 -0.128879
18.300000	 0.852757	 -0.119371
18.310000	 0.857937	 -0.109852
18.320000	 0.863031	 -0.100321
18.330000	 0.868040	 -0.090780
18.340000	 0.872961	 -0.081230
18.350000	 0.877795	 -0.071672
18.360000	 0.882542	 -0.062107
18.370000	 0.887200	 -0.052535
18.380000	 0.891769	 -0.042959
18.390000	 0.896250	 -0.033378
18.400000	 0.900640	 -0.023793
18.410000	 0.904941	 -0.014207
18.420000	 0.909151	 -0.004619
18.430000	 0.913270	 0.004970
18.440000	 0.917298	 0.014558
18.450000	 0.921234	 0.024145
18.460000	 0.925078	 0.033729
18.470000	 0.928829	 0.043310
18.480000	 0.932488	 0.052886
18.490000	 0.936053	 0.062457
18.500000	 0.939525	 0.072022
18.510000	 0.942903	 0.081580
18.520000	 0.946186	 0.091130
18.530000	 0.949375	 0.100670
18.540000	 0.952469	 0.110201
18.550000	 0.955468	 0.119720
18.560000	 0.958371	 0.129228
18.570000	 0.961178	 0.138722
18.580000	 0.963889	 0.148203
18.590000	 0.966504	 0.157669
18.600000	 0.969022	 0.167120
18.610000	 0.971443	 0.176553
18.620000	 0.973768	 0.185969
18.630000	 0.975994	 0.195367
18.640000	 0.978123	 0.204745
18.650000	 0.980155	 0.214103
18.660000	 0.982088	 0.223440
18.670000	 0.983923	 0.232754
18.680000	 0.985660	 0.242046
18.690000	 0.987298	 0.251313
18.700000	 0.988837	 0.260556
18.710000	 0.990278	 0.269773
18.720000	 0.991619	 0.278963
18.730000	 0.992862	 0.288125
18.740000	 0.994005	 0.297260
18.750000	 0.995048	 0.306365
18.760000	 0.995993	 0.315439
18.770000	 0.996837	 0.324483
18.780000	 0.997582	 0.333495
18.790000	 0.998227	 0.342474
18.800000	 0.998772	 0.351420
18.810000	 0.999218	 0.360331
18.820000	 0.999563	 0.369207
18.830000	 0.999809	 0.378047
18.840000	 0.999954	 0.386849
18.850000	 1.000000	 0.395615
18.860000	 0.999945	 0.404341
18.870000	 0.999791	 0.413028
18.880000	 0.999537	 0.421676
18.890000	 0.999182	 0.430282
18.900000	 0.998728	 0.438846
18.910000	 0.998174	 0.447368
18.920000	 0.997520	 0.455847
18.930000	 0.996766	 0.464282
18.940000	 0.995913	 0.472672
18.950000	 0.994960	 0.481016
18.960000	 0.993907	 0.489314
18.970000	 0.992755	 0.497565
18.980000	 0.991504	 0.505769
18.990000	 0.990154	 0.513924
19.000000	 0.988705	 0.522030
19.010000	 0.987156	 0.530086
19.020000	 0.985510	 0.538091
19.030000	 0.983764	 0.546045
19.040000	 0.981920	 0.553947
19.050000	 0.979978	 0.561797
19.060000	 0.977938	 0.569593
19.070000	 0.975800	 0.577336
19.080000	 0.973565	 0.585023
19.090000	 0.971232	 0.592656
19.100000	 0.968802	 0.600233
19.110000	 0.966276	 0.607753
19.120000	 0.963652	 0.615216
19.130000	 0.960933	 0.622621
19.140000	 0.958117	 0.629969
19.150000	 0.955205	 0.637257
19.160000	 0.952198	 0.644486
19.170000	 0.949096	 0.651654
19.180000	 0.945898	 0.658762
19.190000	 0.942606	 0.665809
19.200000	 0.939220	 0.672794
19.210000	 0.935740	 0.679717
19.220000	 0.932167	 0.686576
19.230000	 0.928500	 0.693373
19.240000	 0.924740	 0.700105
19.250000	 0.920888	 0.706773
19.260000	 0.916944	 0.713376
19.270000	 0.912908	 0.719914
19.280000	 0.908781	 0.726386
19.290000	 0.904562	 0.732791
19.300000	 0.900254	 0.739130
19.310000	 0.895855	 0.745401
19.320000	 0.891367	 0.751604
19.330000	 0.886790	 0.757739
19.340000	 0.882124	 0.763805
19.350000	 0.877370	 0.769802
19.360000	 0.872528	 0.775730
19.370000	 0.867598	 0.781587
19.380000	 0.862582	 0.787374
19.390000	 0.857480	 0.793091
19.400000	 0.852292	 0.798736
19.410000	 0.847019	 0.804309
19.420000	 0.841661	 0.809810
19.430000	 0.836219	 0.815239
19.440000	 0.830694	 0.820595
19.450000	 0.825085	 0.825878
19.460000	 0.819394	 0.831087
19.470000	 0.813620	 0.836223
19.480000	 0.807766	 0.841284
19.490000	 0.801830	 0.846271
19.500000	 0.795815	 0.851182
19.510000	 0.789720	 0.856019
19.520000	 0.783546	 0.860780
19.530000	 0.777293	 0.865465
19.540000	 0.770963	 0.870075
19.550000	 0.764556	 0.874607
19.560000	 0.758072	 0.879063
19.570000	 0.751513	 0.883442
19.580000	 0.744878	 0.887744
19.590000	 0.738169	 0.891968
19.600000	 0.731386	 0.896114
19.610000	 0.724530	 0.900182
19.620000	 0.717601	 0.904172
19.630000	 0.710601	 0.908084
19.640000	 0.703530	 0.911916
19.650000	 0.696388	 0.915669
19.660000	 0.689177	 0.919343
19.670000	 0.681896	 0.922938
19.680000	 0.674548	 0.926453
19.690000	 0.667132	 0.929887
19.700000	 0.659649	 0.933242
19.710000	 0.652101	 0.936516
19.720000	 0.644487	 0.939710
19.730000	 0.636809	 0.942823
19.740000	 0.629067	 0.945855
19.750000	 0.621262	 0.948806
19.760000	 0.613395	 0.951676
19.770000	 0.605467	 0.954464
19.780000	 0.597478	 0.957171
19.790000	 0.589429	 0.959796
19.800000	 0.581322	 0.962339
19.810000	 0.573156	 0.964800
19.820000	 0.564933	 0.967179
19.830000	 0.556654	 0.969475
19.840000	 0.548319	 0.971689
19.850000	 0.539929	 0.973821
19.860000	 0.531485	 0.975869
19.870000	 0.522987	 0.977835
19.880000	 0.514438	 0.979718
19.890000	 0.505837	 0.981518
19.900000	 0.497186	 0.983235
19.910000	 0.488485	 0.984869
19.920000	 0.479735	 0.986419
19.930000	 0.470937	 0.987886
19.940000	 0.462092	 0.989269
19.950000	 0.453200	 0.990569
19.960000	 0.444264	 0.991785
19.970000	 0.435283	 0.992917
19.980000	 0.426258	 0.993966
19.990000	 0.417191	 0.994931
20.000000	 0.408082	 0.995812
20.010000	 0.398932	 0.996609
20.020000	 0.389743	 0.997322
20.030000	 0.380514	 0.997951
20.040000	 0.371248	 0.998496
20.050000	 0.361944	 0.998957
20.060000	 0.352604	 0.999334
20.070000	 0.343229	 0.999627
20.080000	 0.333819	 0.999836
20.090000	 0.324376	 0.999960
20.100000	 0.314901	 1.000001
20.110000	 0.305394	 0.999957
20.120000	 0.295857	 0.999829
20.130000	 0.286290	 0.999617
20.140000	 0.276694	 0.999321
20.150000	 0.267071	 0.998940
20.160000	 0.257421	 0.998476
20.170000	 0.247745	 0.997928
20.180000	 0.238045	 0.997295
20.190000	 0.228320	 0.996579
20.200000	 0.218573	 0.995778
20.210000	 0.208804	 0.994894
20.220000	 0.199015	 0.993926
20.230000	 0.189205	 0.992874
20.240000	 0.179376	 0.991738
20.250000	 0.169530	 0.990518
20.260000	 0.159666	 0.989215
20.270000	 0.149786	 0.987829
20.280000	 0.139892	 0.986358
20.290000	 0.129983	 0.984805
20.300000	 0.120062	 0.983168
20.310000	 0.110128	 0.981448
20.320000	 0.100184	 0.979645
20.330000	 0.090229	 0.977758
20.340000	 0.080266	 0.975789
20.350000	 0.070294	 0.973737
20.360000	 0.060316	 0.971602
20.370000	 0.050331	 0.969385
20.380000	 0.040341	 0.967085
20.390000	 0.030348	 0.964703
20.400000	 0.020351	 0.962239
20.410000	 0.010352	 0.959693
20.420000	 0.000352	 0.957065
20.430000	 -0.009648	 0.954355
20.440000	 -0.019646	 0.951563
20.450000	 -0.029643	 0.948690
20.460000	 -0.039637	 0.945736
20.470000	 -0.049627	 0.942700
20.480000	 -0.059612	 0.939584
20.490000	 -0.069591	 0.936387
20.500000	 -0.079564	 0.933110
20.510000	 -0.089528	 0.929752
20.520000	 -0.099483	 0.926314
20.530000	 -0.109428	 0.922796
20.540000	 -0.119362	 0.919198
20.550000	 -0.129285	 0.915521
20.560000	 -0.139194	 0.911764
20.570000	 -0.149090	 0.907929
20.580000	 -0.158970	 0.904014
20.590000	 -0.168835	 0.900021
20.600000	 -0.178683	 0.895950
20.610000	 -0.188513	 0.891801
20.620000	 -0.198324	 0.887573
20.630000	 -0.208115	 0.883269
20.640000	 -0.217886	 0.878887
20.650000	 -0.227635	 0.874428
20.660000	 -0.237360	 0.869892
20.670000	 -0.247063	 0.865280
20.680000	 -0.256740	 0.860591
20.690000	 -0.266392	 0.855827
20.700000	 -0.276017	 0.850988
20.710000	 -0.285615	 0.846073
20.720000	 -0.295184	 0.841083
20.730000	 -0.304723	 0.836019
20.740000	 -0.314232	 0.830880
20.750000	 -0.323710	 0.825668
20.760000	 -0.333155	 0.820382
20.770000	 -0.342567	 0.815023
20.780000	 -0.351945	 0.809591
20.790000	 -0.361287	 0.804087
20.800000	 -0.370593	 0.798511
20.810000	 -0.379863	 0.792863
20.820000	 -0.389094	 0.787144
20.830000	 -0.398286	 0.781355
20.840000	 -0.407439	 0.775494
20.850000	 -0.416551	 0.769564
20.860000	 -0.425621	 0.763564
20.870000	 -0.434648	 0.757495
20.880000	 -0.443632	 0.751357
20.890000	 -0.452572	 0.745151
20.900000	 -0.461467	 0.738878
20.910000	 -0.470315	 0.732537
20.920000	 -0.479116	 0.726129
20.930000	 -0.487870	 0.719654
20.940000	 -0.496574	 0.713114
20.950000	 -0.505229	 0.706508
20.960000	 -0.513834	 0.699837
20.970000	 -0.522387	 0.693102
20.980000	 -0.530888	 0.686303
20.990000	 -0.539335	 0.679441
21.000000	 -0.547729	 0.672516
21.010000	 -0.556068	 0.665528
21.020000	 -0.564352	 0.658479
21.030000	 -0.572579	 0.651369
21.040000	 -0.580748	 0.644198
21.050000	 -0.588860	 0.636967
21.060000	 -0.596913	 0.629676
21.070000	 -0.604906	 0.622327
21.080000	 -0.612839	 0.614919
21.090000	 -0.620710	 0.607453
21.100000	 -0.628519	 0.599931
21.110000	 -0.636265	 0.592352
21.120000	 -0.643948	 0.584717
21.130000	 -0.651567	 0.577027
21.140000	 -0.659120	 0.569283
21.150000	 -0.666607	 0.561484
21.160000	 -0.674028	 0.553632
21.170000	 -0.681381	 0.545728
21.180000	 -0.688666	 0.537772
21.190000	 -0.695882	 0.529764
21.200000	 -0.703029	 0.521707
21.210000	 -0.710105	 0.513599
21.220000	 -0.717111	 0.505442
21.230000	 -0.724044	 0.497236
21.240000	 -0.730905	 0.488983
21.250000	 -0.737694	 0.480683
21.260000	 -0.744408	 0.472337
21.270000	 -0.751048	 0.463945
21.280000	 -0.757613	 0.455509
21.290000	 -0.764102	 0.447028
21.300000	 -0.770514	 0.438505
21.310000	 -0.776850	 0.429939
21.320000	 -0.783108	 0.421331
21.330000	 -0.789287	 0.412682
21.340000	 -0.795388	 0.403993
21.350000	 -0.801409	 0.395265
21.360000	 -0.807350	 0.386498
21.370000	 -0.813211	 0.377694
21.380000	 -0.818989	 0.368853
21.390000	 -0.824687	 0.359975
21.400000	 -0.830301	 0.351063
21.410000	 -0.835833	 0.342116
21.420000	 -0.841281	 0.333135
21.430000	 -0.846644	 0.324122
21.440000	 -0.851924	 0.315077
21.450000	 -0.857118	 0.306001
21.460000	 -0.862226	 0.296895
21.470000	 -0.867248	 0.287760
21.480000	 -0.872183	 0.278596
21.490000	 -0.877031	 0.269405
21.500000	 -0.881792	 0.260187
21.510000	 -0.886464	 0.250943
21.520000	 -0.891048	 0.241675
21.530000	 -0.895542	 0.232382
21.540000	 -0.899947	 0.223067
21.550000	 -0.904262	 0.213729
21.560000	 -0.908486	 0.204371
21.570000	 -0.912620	 0.194992
21.580000	 -0.916662	 0.185593
21.590000	 -0.920613	 0.176176
21.600000	 -0.924472	 0.166742
21.610000	 -0.928238	 0.157291
21.620000	 -0.931911	 0.147824
21.630000	 -0.935492	 0.138343
21.640000	 -0.938978	 0.128848
21.650000	 -0.942371	 0.119340
21.660000	 -0.945670	 0.109820
21.670000	 -0.948873	 0.100289
21.680000	 -0.951983	 0.090748
21.690000	 -0.954996	 0.081198
21.700000	 -0.957915	 0.071640
21.710000	 -0.960737	 0.062075
21.720000	 -0.963464	 0.052503
21.730000	 -0.966094	 0.042927
21.740000	 -0.968628	 0.033346
21.750000	 -0.971064	 0.023762
21.760000	 -0.973404	 0.014175
21.770000	 -0.975646	 0.004587
21.780000	 -0.977791	 -0.005002
21.790000	 -0.979838	 -0.014590
21.800000	 -0.981787	 -0.024176
21.810000	 -0.983637	 -0.033761
21.820000	 -0.985390	 -0.043341
21.830000	 -0.987044	 -0.052918
21.840000	 -0.988599	 -0.062489
21.850000	 -0.990055	 -0.072054
21.860000	 -0.991412	 -0.081612
21.870000	 -0.992670	 -0.091161
21.880000	 -0.993829	 -0.100702
21.890000	 -0.994889	 -0.110232
21.900000	 -0.995849	 -0.119752
21.910000	 -0.996709	 -0.129259
21.920000	 -0.997470	 -0.138754
21.930000	 -0.998131	 -0.148235
21.940000	 -0.998692	 -0.157701
21.950000	 -0.999154	 -0.167151
21.960000	 -0.999515	 -0.176584
21.970000	 -0.999776	 -0.186001
21.980000	 -0.999938	 -0.195398
21.990000	 -0.999999	 -0.204776
22.000000	 -0.999961	 -0.214134
22.010000	 -0.999822	 -0.223471
22.020000	 -0.999584	 -0.232785
22.030000	 -0.999245	 -0.242077
22.040000	 -0.998807	 -0.251344
22.050000	 -0.998269	 -0.260586
22.060000	 -0.997631	 -0.269803
22.070000	 -0.996893	 -0.278993
22.080000	 -0.996055	 -0.288156
22.090000	 -0.995118	 -0.297290
22.100000	 -0.994082	 -0.306395
22.110000	 -0.992945	 -0.315469
22.120000	 -0.991710	 -0.324513
22.130000	 -0.990376	 -0.333525
22.140000	 -0.988942	 -0.342504
22.150000	 -0.987410	 -0.351449
22.160000	 -0.985778	 -0.360360
22.170000	 -0.984049	 -0.369236
22.180000	 -0.982221	 -0.378076
22.190000	 -0.980294	 -0.386879
22.200000	 -0.978270	 -0.395644
22.210000	 -0.976147	 -0.404370
22.220000	 -0.973928	 -0.413057
22.230000	 -0.971610	 -0.421704
22.240000	 -0.969196	 -0.430310
22.250000	 -0.966685	 -0.438875
22.260000	 -0.964077	 -0.447397
22.270000	 -0.961372	 -0.455875
22.280000	 -0.958572	 -0.464310
22.290000	 -0.955675	 -0.472699
22.300000	 -0.952683	 -0.481044
22.310000	 -0.949596	 -0.489342
22.320000	 -0.946414	 -0.497593
22.330000	 -0.943137	 -0.505796
22.340000	 -0.939766	 -0.513951
22.350000	 -0.936301	 -0.522056
22.360000	 -0.932742	 -0.530112
22.370000	 -0.929090	 -0.538117
22.380000	 -0.925345	 -0.546071
22.390000	 -0.921508	 -0.553973
22.400000	 -0.917578	 -0.561823
22.410000	 -0.913557	 -0.569619
22.420000	 -0.909444	 -0.577361
22.430000	 -0.905240	 -0.585049
22.440000	 -0.900946	 -0.592681
22.450000	 -0.896562	 -0.600258
22.460000	 -0.892088	 -0.607778
22.470000	 -0.887525	 -0.615241
22.480000	 -0.882873	 -0.622646
22.490000	 -0.878133	 -0.629993
22.500000	 -0.873305	 -0.637281
22.510000	 -0.868389	 -0.644509
22.520000	 -0.863387	 -0.651678
22.530000	 -0.858299	 -0.658786
22.540000	 -0.853124	 -0.665832
22.550000	 -0.847865	 -0.672817
22.560000	 -0.842520	 -0.679739
22.570000	 -0.837092	 -0.686599
22.580000	 -0.831579	 -0.693395
22.590000	 -0.825984	 -0.700128
22.600000	 -0.820305	 -0.706795
22.610000	 -0.814545	 -0.713398
22.620000	 -0.808704	 -0.719936
22.630000	 -0.802781	 -0.726407
22.640000	 -0.796778	 -0.732813
22.650000	 -0.790696	 -0.739151
22.660000	 -0.784534	 -0.745422
22.670000	 -0.778294	 -0.751625
22.680000	 -0.771977	 -0.757759
22.690000	 -0.765582	 -0.763825
22.700000	 -0.759110	 -0.769822
22.710000	 -0.752563	 -0.775750
22.720000	 -0.745940	 -0.781607
22.730000	 -0.739243	 -0.787394
22.740000	 -0.732471	 -0.793110
22.750000	 -0.725627	 -0.798754
22.760000	 -0.718710	 -0.804327
22.770000	 -0.711721	 -0.809828
22.780000	 -0.704661	 -0.815257
22.790000	 -0.697530	 -0.820613
22.800000	 -0.690330	 -0.825895
22.810000	 -0.683061	 -0.831104
22.820000	 -0.675723	 -0.836240
22.830000	 -0.668318	 -0.841301
22.840000	 -0.660846	 -0.846287
22.850000	 -0.653307	 -0.851199
22.860000	 -0.645704	 -0.856035
22.870000	 -0.638036	 -0.860796
22.880000	 -0.630304	 -0.865481
22.890000	 -0.622509	 -0.870090
22.900000	 -0.614652	 -0.874622
22.910000	 -0.606734	 -0.879078
22.920000	 -0.598754	 -0.883457
22.930000	 -0.590715	 -0.887758
22.940000	 -0.582617	 -0.891982
22.950000	 -0.574461	 -0.896128
22.960000	 -0.566247	 -0.900196
22.970000	 -0.557976	 -0.904185
22.980000	 -0.549650	 -0.908096
22.990000	 -0.541268	 -0.911929
23.000000	 -0.532833	 -0.915682
23.010000	 -0.524344	 -0.919355
23.020000	 -0.515803	 -0.922950
23.030000	 -0.507210	 -0.926464
23.040000	 -0.498567	 -0.929899
23.050000	 -0.489874	 -0.933253
23.060000	 -0.481131	 -0.936527
23.070000	 -0.472341	 -0.939721
23.080000	 -0.463503	 -0.942834
23.090000	 -0.454619	 -0.945865
23.100000	 -0.445690	 -0.948816
23.110000	 -0.436716	 -0.951686
23.120000	 -0.427698	 -0.954474
23.130000	 -0.418638	 -0.957180
23.140000	 -0.409536	 -0.959805
23.150000	 -0.400392	 -0.962348
23.160000	 -0.391209	 -0.964808
23.170000	 -0.381987	 -0.967187
23.180000	 -0.372726	 -0.969483
23.190000	 -0.363428	 -0.971697
23.200000	 -0.354094	 -0.973828
23.210000	 -0.344724	 -0.975876
23.220000	 -0.335320	 -0.977842
23.230000	 -0.325882	 -0.979725
23.240000	 -0.316412	 -0.981524
23.250000	 -0.306910	 -0.983241
23.260000	 -0.297378	 -0.984874
23.270000	 -0.287815	 -0.986424
23.280000	 -0.278224	 -0.987890
23.290000	 -0.268605	 -0.989274
23.300000	 -0.258960	 -0.990573
23.310000	 -0.249288	 -0.991789
23.320000	 -0.239591	 -0.992921
23.330000	 -0.229871	 -0.993970
23.340000	 -0.220127	 -0.994934
23.350000	 -0.210362	 -0.995815
23.360000	 -0.200575	 -0.996612
23.370000	 -0.190768	 -0.997324
23.380000	 -0.180943	 -0.997953
23.390000	 -0.171099	 -0.998498
23.400000	 -0.161238	 -0.998959
23.410000	 -0.151361	 -0.999335
23.420000	 -0.141469	 -0.999628
23.430000	 -0.131562	 -0.999836
23.440000	 -0.121643	 -0.999961
23.450000	 -0.111711	 -1.000001
23.460000	 -0.101768	 -0.999957
23.470000	 -0.091815	 -0.999829
23.480000	 -0.081853	 -0.999616
23.490000	 -0.071883	 -0.999320
23.500000	 -0.061905	 -0.998939
23.510000	 -0.051922	 -0.998475
23.520000	 -0.041933	 -0.997926
23.530000	 -0.031939	 -0.997293
23.540000	 -0.021943	 -0.996576
23.550000	 -0.011945	 -0.995776
23.560000	 -0.001945	 -0.994891
23.570000	 0.008055	 -0.993923
23.580000	 0.018054	 -0.992870
23.590000	 0.028051	 -0.991734
23.600000	 0.038046	 -0.990514
23.610000	 0.048037	 -0.989211
23.620000	 0.058022	 -0.987824
23.630000	 0.068003	 -0.986354
23.640000	 0.077976	 -0.984800
23.650000	 0.087941	 -0.983163
23.660000	 0.097898	 -0.981442
23.670000	 0.107845	 -0.979639
23.680000	 0.117781	 -0.977752
23.690000	 0.127705	 -0.975783
23.700000	 0.137617	 -0.973730
23.710000	 0.147515	 -0.971595
23.720000	 0.157398	 -0.969378
23.730000	 0.167265	 -0.967078
23.740000	 0.177116	 -0.964695
23.750000	 0.186949	 -0.962231
23.760000	 0.196763	 -0.959684
23.770000	 0.206557	 -0.957056
23.780000	 0.216331	 -0.954346
23.790000	 0.226083	 -0.951554
23.800000	 0.235813	 -0.948680
23.810000	 0.245519	 -0.945726
23.820000	 0.255201	 -0.942690
23.830000	 0.264856	 -0.939574
23.840000	 0.274486	 -0.936377
23.850000	 0.284088	 -0.933099
23.860000	 0.293662	 -0.929741
23.870000	 0.303206	 -0.926302
23.880000	 0.312720	 -0.922784
23.890000	 0.322202	 -0.919186
23.900000	 0.331653	 -0.915509
23.910000	 0.341070	 -0.911752
23.920000	 0.350453	 -0.907916
23.930000	 0.359801	 -0.904001
23.940000	 0.369114	 -0.900008
23.950000	 0.378389	 -0.895937
23.960000	 0.387626	 -0.891787
23.970000	 0.396825	 -0.887559
23.980000	 0.405984	 -0.883254
23.990000	 0.415102	 -0.878872
24.000000	 0.424179	 -0.874413
24.010000	 0.433213	 -0.869877
24.020000	 0.442205	 -0.865264
24.030000	 0.451151	 -0.860576
24.040000	 0.460053	 -0.855811
24.050000	 0.468909	 -0.850971
24.060000	 0.477718	 -0.846056
24.070000	 0.486479	 -0.841066
24.080000	 0.495191	 -0.836002
24.090000	 0.503854	 -0.830863
24.100000	 0.512467	 -0.825651
24.110000	 0.521028	 -0.820365
24.120000	 0.529537	 -0.815005
24.130000	 0.537994	 -0.809573
24.140000	 0.546396	 -0.804069
24.150000	 0.554744	 -0.798493
24.160000	 0.563036	 -0.792845
24.170000	 0.571272	 -0.787125
24.180000	 0.579451	 -0.781335
24.190000	 0.587572	 -0.775475
24.200000	 0.595634	 -0.769544
24.210000	 0.603637	 -0.763544
24.220000	 0.611579	 -0.757475
24.230000	 0.619460	 -0.751337
24.240000	 0.627280	 -0.745131
24.250000	 0.635036	 -0.738857
24.260000	 0.642729	 -0.732516
24.270000	 0.650358	 -0.726107
24.280000	 0.657921	 -0.719633
24.290000	 0.665419	 -0.713092
24.300000	 0.672850	 -0.706486
24.310000	 0.680214	 -0.699815
24.320000	 0.687510	 -0.693080
24.330000	 0.694738	 -0.686281
24.340000	 0.701895	 -0.679418
24.350000	 0.708983	 -0.672493
24.360000	 0.716000	 -0.665505
24.370000	 0.722945	 -0.658456
24.380000	 0.729818	 -0.651345
24.390000	 0.736617	 -0.644174
24.400000	 0.743344	 -0.636943
24.410000	 0.749995	 -0.629652
24.420000	 0.756572	 -0.622302
24.430000	 0.763073	 -0.614894
24.440000	 0.769498	 -0.607429
24.450000	 0.775846	 -0.599906
24.460000	 0.782116	 -0.592327
24.470000	 0.788309	 -0.584692
24.480000	 0.794422	 -0.577002
24.490000	 0.800456	 -0.569257
24.500000	 0.806409	 -0.561458
24.510000	 0.812283	 -0.553606
24.520000	 0.818075	 -0.545702
24.530000	 0.823785	 -0.537745
24.540000	 0.829412	 -0.529738
24.550000	 0.834957	 -0.521680
24.560000	 0.840419	 -0.513572
24.570000	 0.845796	 -0.505415
24.580000	 0.851089	 -0.497209
24.590000	 0.856296	 -0.488956
24.600000	 0.861418	 -0.480656
24.610000	 0.866454	 -0.472310
24.620000	 0.871403	 -0.463918
24.630000	 0.876265	 -0.455481
24.640000	 0.881039	 -0.447000
24.650000	 0.885726	 -0.438477
24.660000	 0.890323	 -0.429910
24.670000	 0.894832	 -0.421302
24.680000	 0.899251	 -0.412653
24.690000	 0.903581	 -0.403964
24.700000	 0.907820	 -0.395236
24.710000	 0.911968	 -0.386469
24.720000	 0.916025	 -0.377665
24.730000	 0.919990	 -0.368823
24.740000	 0.923863	 -0.359946
24.750000	 0.927644	 -0.351033
24.760000	 0.931333	 -0.342086
24.770000	 0.934928	 -0.333106
24.780000	 0.938429	 -0.324092
24.790000	 0.941837	 -0.315047
24.800000	 0.945151	 -0.305971
24.810000	 0.948370	 -0.296865
24.820000	 0.951494	 -0.287729
24.830000	 0.954523	 -0.278566
24.840000	 0.957456	 -0.269374
24.850000	 0.960294	 -0.260156
24.860000	 0.963036	 -0.250913
24.870000	 0.965682	 -0.241644
24.880000	 0.968231	 -0.232352
24.890000	 0.970683	 -0.223036
24.900000	 0.973038	 -0.213699
24.910000	 0.975296	 -0.204340
24.920000	 0.977456	 -0.194961
24.930000	 0.979518	 -0.185562
24.940000	 0.981483	 -0.176145
24.950000	 0.983349	 -0.166711
24.960000	 0.985117	 -0.157260
24.970000	 0.986787	 -0.147793
24.980000	 0.988358	 -0.138312
24.990000	 0.989830	 -0.128816
25.000000	 0.991203	 -0.119308
25.010000	 0.992477	 -0.109788
25.020000	 0.993651	 -0.100257
25.030000	 0.994727	 -0.090717
25.040000	 0.995703	 -0.081167
25.050000	 0.996579	 -0.071608
25.060000	 0.997356	 -0.062043
25.070000	 0.998032	 -0.052472
25.080000	 0.998610	 -0.042895
25.090000	 0.999087	 -0.033314
25.100000	 0.999464	 -0.023730
25.110000	 0.999741	 -0.014143
25.120000	 0.999919	 -0.004555
25.130000	 0.999996	 0.005034
